6932 5232
1321 7917
2778 1172
6586 3562
1437 1527
5775 6657
9336 3619
7842 9309
4498 5107
6369 9920
7089 3265
2302 8302
6211 4422
4891 5480
5570 2342
3766 8531
351 6230
4658 3317
4110 6754
6361 1283
2342 5279
905 8297
6679 2929
2623 9169
3689 4696
8534 3389
9696 8776
9023 6187
7151 1168
8783 7708
4570 9109
3851 4684
9239 5308
5827 8167
8326 3149
2060 8162
9045 4399
7888 5590
5298 4538
9833 4799
4137 9507
9502 849
1579 3106
6313 9393
4131 5916
7867 7342
6933 1251
9001 9404
367 7599
5922 7651
7774 271
2948 2524
5145 4531
942 4529
6126 9651
5380 5189
6909 2082
4607 2170
4779 3508
6800 671
3866 3368
9799 3956
3486 3915
4477 702
864 8781
1541 1173
7867 4972
3549 6936
2390 1269
5961 6941
1270 313
8028 8942
5740 3862
10000 9656
4547 1674
1142 4823
1810 4446
5254 436
9785 4169
5393 3973
5547 5681
8544 2600
8980 7099
8393 4291
1832 3548
5303 3686
6057 8913
5429 9468
1775 7218
4309 8361
9351 4831
3883 9462
9028 2943
5747 5024
3667 4823
278 4620
7168 1726
125 1001
9592 1559
82 395
2123 2960
3040 780
6146 5033
4654 250
541 357
3757 1155
955 7448
7480 8777
7681 1990
9975 5605
9393 6809
5475 3342
7272 3135
4782 5174
7914 1584
23 7794
7786 6663
3143 1233
4125 1560
4025 7869
9367 6128
2242 554
6832 8383
837 5233
2080 3296
1483 8403
2165 4216
8711 8576
8658 5000
9133 6657
3222 5378
682 4913
5582 4682
3393 7111
3339 9702
1372 7832
7390 4792
2283 362
1646 4681
2296 5004
621 9546
9887 6880
5520 4610
9069 6025
6376 1794
2699 5324
216 6938
2358 979
9907 2965
7071 3407
7612 758
8420 6209
7423 9772
695 3416
1164 7034
9103 6287
9261 7499
8230 495
5479 8858
1961 7549
5953 3064
7104 8406
8801 3754
5119 2484
6940 7648
9183 8383
8590 3870
62 9497
3482 8853
3828 9496
8763 1551
7795 4618
7485 4818
7726 6742
6853 2006
6557 4764
6528 84
5065 1783
9185 2700
4612 7566
7511 5611
1810 1304
288 1014
1410 9066
2187 5657
8644 3774
5720 4762
6568 770
3781 329
1384 5396
303 3675
1622 1356
453 4701
9818 5596
9024 5979
680 4814
5345 1574
1558 3700
9168 6473
3228 5239
2069 9896
5584 2476
5239 7761
5322 465
1745 5901
8509 929
121 6376
646 2645
1885 1289
7881 3587
3696 6060
5970 509
433 6192
577 471
4141 1726
9194 5308
936 3441
7157 4706
782 1701
9902 6946
3035 6292
6539 3610
3184 8312
918 7272
8588 3448
6403 8745
4439 7125
3033 1169
8259 4250
219 2825
9625 103
9134 9520
2658 9139
4035 4144
4932 1187
5928 3636
6531 8719
4523 4625
5641 1125
1085 6704
113 943
9888 8922
1212 4619
6444 6791
46 8129
9755 1838
1958 6735
7635 2759
9950 1546
1801 963
9478 539
9777 5543
4951 1009
8481 7235
9736 76
754 1215
9172 5597
9558 2725
7378 1655
2756 3028
1249 5740
5195 5529
7983 316
8593 9917
5210 8149
3257 1442
704 4861
2403 1464
4482 4313
2015 8995
7854 8710
6834 6979
5120 8907
146 5134
1916 3056
3621 3414
8687 3903
1655 4358
5011 2287
6232 9226
5316 692
5007 252
4348 1696
5789 1882
6384 6621
7580 8265
8318 3951
6895 1910
9616 7130
3399 4663
3587 7767
3372 2310
539 1572
2179 9812
1416 1536
2412 5963
9140 5293
1465 5125
1982 7331
382 4479
4197 9415
4066 3209
3822 579
3798 5861
2032 8707
2006 3461
8134 8435
6779 9157
8974 9715
3900 8336
6340 4546
8717 7409
9594 7733
6720 6633
6979 9277
9816 8526
323 1312
3297 5391
6685 1118
1681 5870
8822 8459
9910 3560
9316 9539
1352 6209
3873 3910
6269 1845
6864 5735
2289 1977
3810 5629
626 492
9870 8156
8550 2577
519 4193
129 9069
6888 9572
6887 5069
193 3936
3885 7742
4999 3816
5933 2010
2254 7600
79 4328
1504 2905
8306 6676
7934 9522
5859 2365
1489 1106
3613 64
3389 3861
2136 8428
6918 7922
4574 5333
4151 7106
103 3900
9151 7990
7389 684
1028 2847
9143 8588
6064 2099
1434 3829
6434 8828
7682 1462
6365 3800
2857 7552
8504 6991
6882 3298
9777 231
9538 1550
8515 4688
9250 975
4918 7173
8297 4367
2419 5023
9950 3805
8207 1111
3851 5139
6658 5730
8530 3428
9325 8655
4729 3149
7258 602
8205 4765
2290 6607
3678 9550
8417 7350
18 1092
8614 8785
717 745
6328 2372
143 9759
8232 7817
4357 4668
1513 449
1326 9175
1673 6040
1428 1357
9953 5643
8295 4253
5805 4963
46 2253
2495 3437
3878 3211
6341 8448
6087 6754
4032 8354
1478 4736
9687 1566
624 2267
7397 9337
406 9821
6120 6504
3757 4261
5573 9295
875 2426
4330 7379
5322 1574
5021 3558
3723 2160
5345 1280
3648 1665
7489 7642
7330 4680
4034 9314
8008 897
1135 4470
4255 514
8190 3610
8054 8481
4643 4733
1714 9626
8268 7463
7366 7512
3511 3420
5275 3316
4864 1998
3438 8669
4821 9632
8793 1719
6097 1188
7973 8752
2755 6444
2642 5040
5736 5575
4346 82
6387 7848
3738 944
4880 5681
8625 2051
7680 6450
2545 3233
2443 1864
1808 2183
2973 3663
2721 3632
5810 8059
7806 7768
3732 209
3758 9473
8211 6915
1714 2388
6542 5243
3938 6482
9195 6111
1287 5603
346 4908
2035 4463
8639 866
2949 6630
2657 3279
308 6001
1196 2154
5006 9635
6399 2855
7295 2411
9760 4159
3518 4725
5330 307
9371 7929
2673 9233
4945 8359
4022 1258
9927 9666
8248 5878
2034 3042
4571 4460
8041 8912
9034 3894
1423 6018
4335 3276
8423 4094
3417 9250
2182 2913
669 2163
4572 4588
1522 9639
7341 3933
6302 5533
1191 5789
5250 3375
3090 7682
5186 4498
9307 287
941 4865
3459 788
9046 58
5807 9359
4289 3192
1543 3719
8866 7718
5885 9915
2574 2533
786 1009
9903 9006
757 272
8576 8040
6028 2488
6174 1594
2281 82
8986 2601
48 5210
5140 4846
668 8719
174 6919
6803 8959
2337 504
3558 2500
9490 8499
9601 1421
785 6579
394 3409
3847 2951
5081 1830
9 1511
2528 6520
3714 3491
8158 2968
6247 6726
896 7613
5519 2576
8581 9582
812 6680
196 9519
5132 113
9278 8366
2351 2986
1856 7389
8806 4532
5375 9100
1500 7779
8220 1919
2059 8946
6137 569
9017 6523
7635 8496
7948 3029
6079 9056
5370 1943
8938 6989
6741 6214
1508 3135
4637 8593
8156 6751
4647 13
3347 73
148 4388
2926 5577
5573 7004
2269 7124
7782 3675
2577 5079
3725 7940
2067 1579
5309 7252
3826 8198
7227 463
7753 2734
4484 1817
6342 4685
6590 2061
7371 5827
6949 6642
1178 5861
2108 5308
7399 3733
6527 525
2798 336
5821 7781
1436 6693
2019 1698
9472 8787
3837 9206
7685 452
4528 3801
3127 6103
3352 8633
5191 8257
4197 5088
6694 3883
3551 8383
5306 6081
2918 7797
3407 3825
8412 1651
1208 5573
6240 9251
8192 8149
883 8402
1488 3312
6852 36
4639 2441
7688 5274
773 5658
6716 7654
4440 1779
4114 7654
3107 6003
5333 4988
7118 6574
6466 8018
4264 4605
5521 8979
2410 7100
5060 1538
558 3692
2005 4206
5204 4573
4133 6917
687 3484
735 8609
8308 4818
3244 466
1056 5194
1278 8082
9485 211
3880 2830
7526 2255
7565 2092
8650 1613
4786 5882
7704 6317
4693 9208
4049 7197
2617 6836
7799 271
4654 1715
7129 5541
5622 847
9892 6034
4660 531
8766 2430
2697 9703
6333 6763
2847 373
451 5310
2325 1973
7764 4073
2892 902
5639 5538
8150 1686
4056 4778
996 3708
545 4162
5743 5264
4840 3313
7192 5821
9363 7131
2807 8376
3198 8985
8257 3086
3881 5581
7424 1726
9992 1701
9723 5791
3949 9577
8010 4183
4252 7148
816 12
6131 480
3635 5994
3632 513
2563 9521
330 9366
2058 5319
710 9929
3285 1351
2247 2322
793 9503
3116 8132
5409 6439
5091 7198
7181 9242
4590 9166
4071 3706
1101 9933
803 7177
5848 5037
9711 7796
718 1110
9986 8125
659 300
3969 8405
1389 1956
2550 4184
1650 4053
3658 1304
2276 7162
6256 3366
5081 3643
7106 4401
8888 1394
9882 7313
7133 5422
1503 1049
5588 3251
9889 9280
8039 5250
1036 9906
1266 1143
948 8354
2536 1978
5390 8978
4973 5602
7320 2994
6871 7430
8226 6393
1890 477
133 6877
1752 3766
9715 8842
2817 4564
3735 3606
4402 3570
46 9695
272 7848
5651 9644
9460 50
6828 274
8769 9279
7026 9206
3298 418
6471 4710
7244 3421
5807 2519
4116 3011
8371 9099
4585 1589
1706 4169
6634 9223
1852 1547
2891 9876
4070 8985
4416 2384
8951 2039
4575 1464
3269 204
1577 1421
3131 428
5760 6517
292 5928
2776 5485
1429 4721
4160 4041
9478 6139
7359 5951
6297 3615
6821 8654
8507 4317
3997 1836
5754 8181
8292 4064
9105 2353
8347 2853
6819 7730
3072 8394
3289 3542
7567 4877
7349 4164
8926 9945
6160 943
3963 9934
6265 6659
6882 3560
5702 124
9738 1151
8339 8249
4999 9790
3898 6726
281 8518
4149 1648
6241 2808
6752 2222
610 1911
9768 8595
9213 3502
2611 6599
7775 7512
2129 2976
307 6260
5264 9843
2729 7546
6219 1769
3983 1978
5415 1286
3576 1246
3178 2467
1252 445
8157 2809
9804 9099
1918 7074
5829 6423
3062 6863
1140 8072
9094 1080
7103 5130
7754 9492
6307 7302
3100 2664
4089 7593
4793 3356
8654 6697
8775 628
7608 6905
9651 2332
5536 2186
2336 799
4106 3005
2628 672
4375 7532
5075 2555
4241 7490
7986 2860
7080 9962
2211 7619
9164 6645
4111 7952
6616 5835
8508 6003
7594 6145
2888 7223
9798 8646
5730 9916
6088 8502
6730 1969
7455 4507
5128 5889
5595 2615
5458 2443
2862 3199
3013 8903
7160 5799
6462 3963
7720 2151
4291 2144
8887 7605
7440 4219
8454 5964
2142 9389
7852 1716
4973 4244
7199 2834
2991 1176
6292 5095
6586 6685
951 4796
3527 9204
1404 2505
9496 616
7725 9233
8695 1662
4742 730
2273 4272
3009 6555
2645 9676
6358 2559
5965 3466
5643 247
9188 7772
7122 2524
1989 3648
9376 7892
2451 263
5358 1083
9102 1992
8893 6472
9778 4633
3305 3262
279 3364
9916 6891
4484 5162
6570 8223
8619 4415
2740 6170
2386 3393
5247 6803
805 6472
2813 650
136 6258
9256 323
9607 4506
4248 3474
9006 2780
7667 7453
186 6847
300 4209
6616 4899
6345 8703
3242 4247
6657 574
5916 3713
6381 5016
6730 2416
1495 6752
9346 5275
1701 1935
9960 1464
4489 7440
6866 7564
1134 8325
7631 6061
4540 7593
3835 5277
7386 4677
3532 9024
7800 8229
8927 5129
2545 7584
4072 8551
47 4584
4615 4095
1294 2236
454 1535
5998 5198
3600 7294
7008 3952
812 4780
3327 3343
8453 575
1423 5493
8306 5782
8747 6954
8853 9106
5896 83
3346 26
9071 1573
8943 879
1236 5814
2190 1491
6730 4075
3740 5104
8144 8404
2532 15
703 8668
2691 3384
8758 4633
2596 98
9463 2329
6871 6002
6542 8370
1834 1749
198 2607
6518 4507
5367 5766
8914 5259
2658 4397
6460 1319
125 4210
9743 9058
1345 9258
676 5297
9673 7650
2021 8766
5569 4935
658 4414
6743 8166
979 3524
1460 5824
6110 8474
394 9012
9095 5372
6293 8379
5936 7552
7851 6263
8147 7202
5783 9068
9189 2175
2409 3245
9439 6179
5145 1924
9660 7694
2222 1553
2689 959
4274 8457
685 5772
580 3936
1710 6879
8669 3879
5442 4471
1657 4787
1266 6415
5049 2633
8607 9883
8958 3397
4089 5585
7234 1757
2421 6530
624 5280
383 5125
3905 4643
2315 3378
9646 4016
1527 5239
4011 396
4356 2997
1343 5631
4308 2345
9567 5245
1140 7088
7077 9458
4244 6713
2384 5454
1657 5918
150 7594
1586 9661
285 6925
3404 9271
3234 6328
5194 6454
8893 7716
3685 9304
3429 5834
2699 7700
5900 3866
1664 1791
2913 9368
6831 6188
3519 8611
5966 4012
6771 9470
9338 4259
8994 3367
7144 1995
9965 1048
3228 9840
7085 3168
2941 8198
9306 1803
6570 2148
4411 3457
5525 9388
7211 4115
5503 8701
5415 7503
2078 9010
7130 4141
4768 66
5496 5846
2107 4938
7240 1381
5713 4221
2375 7453
7935 3372
3535 9969
5324 4325
6720 2637
3634 5511
4121 9529
4468 5967
1949 8571
7730 2436
6208 5032
5964 4820
2928 6463
845 2130
6407 1988
6266 2460
8177 3524
9820 7757
5143 1380
1221 7216
6008 2542
2576 4176
7380 4964
835 3347
9599 7932
497 5871
5108 3624
8247 4099
8138 6823
6090 5180
491 3378
2659 6011
6145 5606
9480 264
5674 6386
1355 6680
7478 1455
609 867
8553 6837
9254 5425
5781 8818
3274 6822
3189 7937
5840 1842
897 8268
6205 2055
1853 4691
7979 2515
2830 4359
5819 1459
3831 5289
4563 611
3009 250
5996 2796
6893 1325
9132 4829
7015 9806
7739 4835
2375 1718
9827 9643
3954 2385
4030 3049
6392 2122
5826 9625
3447 3794
6514 7087
1563 3807
9447 3972
6648 7611
878 7059
3118 2228
5323 6497
3501 5303
4965 1522
3551 1028
9041 2684
494 3964
3475 5088
9090 9046
8008 7491
725 1931
4211 5687
2787 3960
1603 3884
3229 8714
9201 2446
2027 9109
8642 7283
7674 958
6710 8943
2084 5283
7169 2873
5860 4613
6901 9904
4552 2321
3006 5716
5067 8613
3948 4943
9698 4599
8811 5344
6809 1099
6572 6933
5687 3115
7707 2959
4613 4194
888 8482
5034 4247
5893 2160
3711 9022
6970 8893
2161 3744
8263 5219
4643 1986
8239 8
2046 1757
2711 277
4357 6537
5818 807
8613 5522
6025 9331
8787 2
8717 57
7142 3808
7061 8611
2992 3042
1234 4235
9771 9921
5303 4558
8099 911
1339 3956
2395 6338
3769 8818
395 5171
9779 8292
8014 5055
2527 5151
3615 8014
1950 6065
5287 8510
2101 3183
375 4053
1328 1791
9273 8256
5414 4026
8513 236
8822 3990
4261 3229
2060 1240
4284 1361
8592 7894
4493 7232
2726 2612
4748 763
1138 6370
7401 6821
7875 2395
899 1631
2657 5657
3164 6782
4525 9388
9602 2193
8331 7529
7997 2725
2657 2056
3801 3968
4341 5532
9835 4781
1858 614
165 7466
5393 7876
189 6680
3128 3721
7507 7503
588 9494
8400 290
9582 1953
1972 1138
748 7298
1825 219
763 9565
2466 2550
6989 3690
6703 291
5007 4606
759 4845
2045 3635
7252 1372
1585 4904
3804 567
5102 7962
1109 83
183 1269
7198 2776
6049 7544
2708 3826
4036 7600
617 9892
8019 6809
7939 3051
2155 9244
8711 5356
557 6917
2482 1745
9825 967
8370 1535
2813 5776
320 6505
9298 6847
1329 6987
2882 9406
7697 8481
1663 9500
5170 1603
5373 6179
4260 3163
8727 7297
9917 7278
8511 9555
5164 2976
2846 9961
5672 8033
2934 3622
6523 4137
3693 3831
1013 9612
9839 826
8392 9600
5931 9873
1620 2637
3367 9403
4101 8573
3471 3081
3549 3114
1820 1268
6804 22
3520 7110
827 7548
3479 9033
1444 8672
1651 5529
8330 4398
6275 1589
9045 359
1791 2364
8559 3231
5948 5442
410 5918
711 5628
731 9361
2674 4163
1111 1696
2421 8304
3400 3772
8061 755
7165 3967
6118 9324
2933 4042
3945 358
7184 4554
651 1941
1079 3559
9633 3229
9243 6617
4053 2624
4476 8523
3304 1594
7627 3957
5064 5034
6102 1804
2792 1931
985 4490
8113 1027
584 1379
8626 659
5568 2146
8126 5556
1336 3520
725 5445
625 4643
4564 3476
5721 7327
7022 14
172 3392
4275 5262
1630 915
2047 4198
9321 744
1625 9740
7727 8829
151 422
9321 1594
8842 5883
2990 9270
280 9574
8844 3641
169 281
5348 2324
4286 1416
7353 176
5031 481
8980 9080
5585 7975
6024 266
4654 8389
7290 6737
8148 8963
364 8335
8423 7671
2788 3705
3625 2155
652 9064
425 5224
1153 5640
4637 1452
3088 5136
1905 3591
9167 2351
9527 8702
9619 6121
8503 9555
1919 908
1044 6039
1129 8754
9383 1886
8121 7605
7299 9287
732 1867
3970 8459
6574 1868
4943 5399
1611 4555
965 9929
5487 5894
7119 9305
6834 8115
5613 8711
4870 9967
233 8453
5403 7698
5328 6066
755 3702
1180 4881
4100 1046
4689 6462
2224 5247
9642 8441
3604 8281
8461 2293
6098 7391
1144 5127
6098 687
9497 3496
787 2437
7644 5003
8763 890
4793 5924
2081 4779
3394 1597
8050 7903
6139 257
6040 9659
3147 9620
1062 1891
3050 2259
8387 3166
5257 3427
8138 8387
3371 4220
7289 4566
6221 6719
5366 4872
6294 3625
5900 4187
3891 1194
5039 5333
6823 1156
6291 7670
6394 8052
7649 9571
9947 4298
2082 7779
6407 1904
9796 5296
555 8966
1158 6079
4931 7909
7784 5503
1718 5425
2407 4769
4944 5618
5465 2186
4717 8499
7536 4381
4314 485
8925 9592
4493 4375
2888 5089
1329 1374
5072 2294
519 4885
6226 567
9530 9540
9165 4876
3234 7259
83 5040
1931 9961
8186 3946
1947 3239
2711 1170
8750 4891
8862 3579
8124 3949
9908 4699
3177 3375
3694 7913
8102 809
7221 2357
3231 8511
3453 4885
8895 3471
3926 7466
2681 664
6345 2223
4359 7066
5689 4811
5862 2900
473 7510
136 8472
531 2324
6781 8417
6606 5450
26 4135
2697 5662
8284 3832
6897 7572
9267 2070
3285 9097
1903 9140
9458 5512
1612 4883
4751 5998
9858 6555
3890 4660
8402 2525
6673 7177
6623 6876
3124 2698
5379 8907
7672 4579
8957 962
4047 2012
2088 3298
1231 2146
9031 5594
6836 9898
1665 7387
711 7958
7234 5067
3132 7914
8826 5951
6699 1850
2959 7408
6721 6128
3479 3221
7432 727
7300 4639
7227 6388
8579 7176
9152 768
7401 3122
3227 136
1431 8576
5201 4060
3856 9361
9142 1834
1302 7849
1445 3807
9478 3611
1894 9650
7325 3969
2279 3573
9761 8136
106 2305
416 6161
7727 2521
3093 9436
1833 5591
8147 2521
3678 6257
9138 2911
2951 2304
3806 9856
4788 1436
9953 6197
9998 3389
8113 4112
7048 2616
4368 7972
5683 5057
7942 4839
5364 9937
9693 9374
585 9578
5214 3298
8174 7422
6699 5254
5643 4167
337 7031
2281 221
5057 2698
1466 3300
1383 1836
4921 9525
6279 7739
4189 8991
5607 600
8675 6049
8781 8651
9148 7176
5771 671
6695 916
8629 9610
9616 8250
3378 2985
5109 5502
3344 2685
1660 9589
4013 591
9571 4121
6393 5811
1790 5214
6410 9812
9900 9414
3626 7951
7748 7179
7553 1722
4188 2015
685 239
8160 4642
5155 8887
1813 9926
139 9608
6437 3050
6808 739
3463 9517
3164 4560
7651 7423
7171 5797
1380 7962
9233 8342
5558 747
9392 8251
2418 2076
4565 7562
1572 8188
977 514
5631 1635
8548 4893
3144 5573
3689 4955
9344 5379
9647 9165
2347 8634
6700 5297
4423 80
1668 2304
1821 7934
4575 633
190 9277
7549 1731
4289 1444
6540 5672
6659 6866
5351 7699
9380 3264
9225 4955
8028 8424
807 5711
340 4543
3052 5631
5682 3730
2155 705
6643 5269
3699 1587
4861 6234
7577 1978
6170 9905
4799 1101
511 5248
8668 27
5128 4235
4222 6682
1622 6152
3845 4290
5216 29
385 3017
4263 640
9434 6095
60 6121
7102 4913
4288 3236
6758 4993
8176 2653
9344 1823
9258 7834
4503 7739
2367 9713
5698 2934
6833 500
1067 5479
9648 7750
6901 453
8274 5276
2791 7499
2201 234
2299 4206
9972 5902
6618 1866
418 2125
7889 2833
8940 3359
7545 7999
3882 9148
5046 1
286 1055
6560 9562
4782 4905
4389 2974
57 4148
1083 8022
3311 8913
9598 5891
3895 5648
6308 9527
6333 8434
4191 9838
9294 9862
8477 6717
9003 8215
3121 5914
1809 6172
9588 9730
2510 1218
3159 1677
7906 3766
2125 4634
5701 3335
7873 8878
4175 5562
9706 7555
7700 8736
4227 9180
3793 7917
3531 1043
6182 1533
1553 5958
693 9781
4135 2625
1352 5204
2145 8383
6820 7790
9542 6375
3950 6692
3239 7612
4032 7639
2442 4280
6605 8731
2974 7973
9674 3531
4419 831
1129 9976
7190 173
6389 7415
3313 8467
2418 8274
2787 9641
1764 3313
5731 8547
6822 600
731 4765
6094 1094
8912 972
7911 6922
7378 3644
2789 5063
6602 3543
1867 9722
5027 6965
8005 1471
5684 9004
8885 1096
4701 47
525 976
9175 6670
9634 8195
1280 4646
6456 2945
4206 4369
1978 7386
1062 3168
3941 263
7575 3715
7875 3375
5490 2027
8239 9782
1770 468
6532 3529
639 361
5186 5134
9875 5208
9161 1512
207 705
2490 645
5556 1229
9883 527
759 7043
9266 5158
5285 5621
6679 2649
8978 9178
1986 1206
5220 5365
3434 9410
2745 7816
9408 9406
1555 6590
9938 2471
9706 9028
6913 7570
9043 5005
7009 2603
9758 332
8911 6891
3072 3733
3175 3479
2870 9632
6950 4914
8711 1738
7398 959
2789 5386
9463 4106
711 8269
5758 309
3299 1929
2973 7991
6222 9049
8252 5168
7298 4080
4426 9218
4485 1201
5855 887
5979 463
1392 8060
9689 8988
7393 1025
546 5543
5486 4140
5717 3866
303 2884
977 1197
6492 8051
3592 8782
4261 1279
8337 3774
3939 1622
3396 351
6437 418
4206 7982
5255 9003
3698 2231
2337 5410
8782 4290
9853 7313
8181 5804
684 8677
4332 789
7173 3286
4009 933
1866 2053
1181 6444
3253 5079
5530 6137
2188 9104
4793 5372
8914 3545
9276 7262
4599 8804
2637 8382
5428 5924
1824 7289
26 8224
1101 9591
2323 5655
74 7219
9243 5265
862 2309
5263 4901
9253 1704
2907 8392
6717 2717
9435 2540
7574 391
9399 6212
8313 9146
7608 3308
9584 3624
6305 6226
8130 3570
4770 7366
1652 1377
9603 7306
3193 7454
9515 411
6955 2769
8327 6325
6320 5855
3202 2846
826 7978
4213 3517
2078 8362
2473 2404
437 9372
1488 1224
6944 3665
34 1666
8060 7925
5140 7163
5640 821
4509 645
139 3369
5912 5641
2611 2114
1163 7796
4107 8739
5543 411
984 8467
7022 1970
1520 4246
8427 6163
3026 5703
6287 4073
5568 9478
6887 9679
5050 2237
6686 2616
5239 3147
194 3464
3106 5024
1914 196
5674 452
2155 3957
7594 4645
3468 1001
9989 478
6880 3616
5768 3554
2162 1041
7714 6209
5970 5432
9975 3814
9019 3241
2308 8159
1175 4960
9373 3731
8588 6300
4745 7941
5609 6624
7906 7173
8966 2169
1750 9124
2555 1951
7750 3397
3179 9214
2317 2890
6543 144
3660 3911
2979 5229
3010 5845
7369 1444
1108 7939
3737 8532
6908 1843
2608 7401
8141 5282
5532 7887
16 9239
3218 188
9925 9626
4082 8774
2339 3605
9601 8061
5384 9845
5633 132
9545 1458
6901 9993
2378 9381
3565 2211
7900 8789
7818 3924
2866 2766
6984 4939
2450 4916
9052 4278
6784 6773
5674 6138
1913 9725
8446 3670
6843 9844
5477 1096
4549 139
3441 8020
1501 6330
3352 4338
7862 2415
4301 3372
3877 1570
1440 6341
5941 2782
5891 4519
8983 1169
175 5726
1777 4996
7157 3989
3814 6879
8577 1813
2380 7440
3391 7557
1933 4347
9680 7778
1740 1976
3978 3283
6536 1241
706 4253
4290 9748
9636 4080
9493 615
8141 6075
8742 2025
816 8048
757 282
8979 5468
7145 4533
1253 8852
5012 3395
3456 39
4359 7101
9830 235
7650 4059
5379 4085
5222 1889
2338 7002
6210 8898
8630 9914
3157 2402
4384 2631
6932 3513
2978 1350
9883 8585
3449 1807
3757 2489
6898 9906
9332 4596
7871 2278
600 4777
4931 3010
423 67
8345 8658
3036 7489
1987 8619
6870 6896
8537 5806
6805 1128
7761 5814
7471 407
7830 8020
9322 4908
279 2781
4345 4302
2794 9882
5668 7011
696 5002
3024 6360
3158 3168
7046 4952
3864 9685
6975 204
3509 7120
2209 6317
6232 9659
906 8695
4681 5891
5912 9938
3014 6463
8889 7942
6422 4572
4986 3258
3238 3673
1226 5722
3685 2155
3331 6126
3843 8150
6563 4722
8280 2440
46 1096
9189 5101
595 3981
826 6994
4184 6336
7964 4988
3417 127
1970 3931
9176 152
247 1133
6153 695
5304 5006
3428 4583
5134 6580
3630 189
9847 2621
6190 3041
1767 5486
7646 1852
7153 5751
1148 711
3005 8451
2289 5250
785 1186
2791 1631
3736 6659
8230 1008
1862 6618
3239 8572
3047 2030
9820 282
1854 3464
327 6694
2238 7247
7314 2575
7220 1869
7046 9140
7695 9086
9467 9157
8708 1687
2370 2638
6237 8480
1152 214
9520 5749
3655 7123
3250 6052
3821 1130
8112 8586
4361 8498
7441 9577
6701 7354
8883 3374
4694 7458
8742 2241
6538 4808
9199 7021
6396 6471
1848 1363
2348 7667
7908 2935
1947 8545
3898 9648
8727 6990
6589 5732
1858 8832
7125 3821
5111 2837
4007 1566
7118 9960
6237 5321
1822 7499
2739 3698
6159 9841
1832 8107
2974 5281
885 4776
5577 8891
3597 1338
4697 7426
1842 5751
3088 2465
2311 3441
4160 4901
208 2221
4269 954
6005 929
2572 1488
2788 8575
5462 986
694 8134
7114 5861
4452 7837
2564 842
1326 8670
9637 4875
5847 9690
696 1786
2111 8342
4319 6236
1702 5267
8631 6548
452 3362
4963 640
6692 1422
7693 7696
2038 9060
8635 5002
794 4665
547 5149
7555 4246
2633 4753
7681 973
9248 160
2170 5886
9204 8778
7568 5970
4901 6155
4686 7133
1289 8818
3628 6962
5687 5908
5471 8676
6851 2238
4021 304
9721 6544
9627 3745
2813 6338
467 8331
1297 7430
6245 6526
7632 5019
9203 749
1094 6086
4045 5441
7181 9821
252 6965
9286 7604
1392 6843
1967 2626
477 8671
5997 8717
7763 4378
5107 4574
3570 1100
3740 3698
651 9868
8955 1657
9057 1431
1257 9688
2419 8436
9928 1543
1302 1535
6097 344
9158 5368
5408 3216
2327 6622
6992 613
3740 8805
3269 4546
7910 5870
2530 5286
1482 227
4953 9782
9882 6149
5486 4001
4897 2496
3038 7532
4599 8948
7582 2167
5936 2023
7078 4409
958 518
9045 260
5671 9508
6699 864
1343 1046
2011 7250
7251 8527
4092 370
5449 8097
8454 6365
6056 5215
6796 1387
9468 4690
839 343
3649 2315
7433 9820
7028 8833
1672 258
7040 1601
9656 9616
8649 144
5816 3852
917 958
9667 2806
7894 5269
7892 9911
1236 8604
2321 6242
5089 2597
9382 1118
9800 135
7714 337
8520 442
4850 5688
1563 7391
3570 5254
3418 7071
5141 6016
5817 6309
6360 6287
4978 3589
7328 9534
4685 2288
1574 1519
8290 5339
9959 5927
2493 8741
1328 7577
6398 5345
7132 8605
8478 7049
2712 8427
7654 3928
4410 474
5493 3050
6110 175
8816 5588
1908 5574
438 9303
1864 2826
9165 9274
1638 1533
4911 2774
287 152
2825 5697
7056 8846
7377 9190
8472 4682
2824 5476
5628 6447
4541 1659
3619 7335
8112 2431
5562 1920
5817 8988
2129 6053
2078 9953
9318 594
6954 1641
926 4487
2008 8999
6799 9896
4000 4659
7914 1629
9801 1862
4644 3213
7920 8432
7963 3174
1616 7940
44 1689
5058 7386
5999 7328
7763 3705
3931 4323
4595 9417
8744 5152
1984 3027
5545 3747
7092 7469
5327 6490
9841 4957
7285 9009
9867 3942
1531 86
6539 7157
5085 2197
1090 7067
1018 4876
377 561
4472 1488
1169 3538
3879 8202
2124 6637
5516 4175
3038 27
6429 3259
993 7722
9328 7822
1119 3575
6070 5527
5048 5339
2075 7886
7412 2529
710 8876
4031 3818
2296 5521
9582 7974
1069 2987
1341 2742
6666 5695
840 7164
9607 5925
8290 4245
714 5523
3367 8904
8 8423
6113 8270
7272 8546
8995 7667
7399 6218
5756 814
194 8403
3512 4740
1617 3227
3706 3146
6625 8435
9507 7544
5872 2314
5296 5128
8687 7926
7831 4675
5394 8075
6225 8054
1949 1917
7780 4179
4380 1544
265 8074
8787 5281
8722 6604
3356 958
3547 124
1618 9436
7269 4499
9733 7378
2542 7574
2736 9173
7598 7159
5907 4467
4792 780
7780 9047
4483 8277
2373 4285
2636 8563
8759 648
3848 7969
7685 3308
6550 3878
8747 3462
1628 7698
5103 8628
216 74
3968 823
9349 22
9578 6157
4115 7177
3394 877
8279 7293
2072 2135
666 6187
4126 5636
8051 8622
8606 8513
2861 6491
3686 4415
2318 5108
8998 9383
1916 6440
6488 3970
3476 8914
1006 8418
4712 1410
5117 1653
950 8627
9365 5207
4592 106
2824 5080
5276 869
6470 804
34 322
4074 2685
5958 8968
9096 2159
7489 2010
4027 6363
9083 1696
5332 9793
1444 8920
3429 1580
5316 4908
7500 4272
9257 5608
1487 4345
7920 6702
341 7851
7834 7396
9579 7730
4525 9539
6758 819
1532 8838
8430 8069
7710 6770
5241 7804
2640 4729
9101 541
2354 3336
8957 4896
4347 4619
7804 3194
2595 5300
2265 1582
6202 1106
1677 3320
7897 639
5739 9767
9304 1461
5574 8878
6456 298
71 8267
4992 3507
1584 35
9878 8921
9364 6004
9290 9315
1550 3017
9491 8400
3229 9723
9111 3317
9961 8910
1584 6603
4235 9846
3948 4317
4189 2142
4277 3553
9326 3732
5397 3226
2646 9289
356 3152
6033 9106
9392 9648
5081 4788
176 666
1780 2539
5490 8127
9496 8170
58 6590
4289 6230
5403 7022
4632 2381
6247 5263
6874 1324
107 9187
3726 2404
6792 3400
8829 535
3429 9677
7720 8946
9419 3311
3945 2394
5999 9247
260 7841
6634 506
9875 9329
7895 8850
9955 7021
4877 891
4767 4269
8066 977
2983 3800
8451 1891
9829 8923
7977 7765
5493 487
5947 9478
3449 9448
6984 939
9655 3927
5034 3259
9680 2548
430 7689
264 3474
525 1830
2597 7804
2572 3088
2962 2989
4060 94
1771 8276
6412 5994
6183 8088
2941 1931
8278 2964
4804 3
8637 6466
987 7285
3139 7110
6684 9655
923 757
5390 7673
3812 8293
1151 9556
5865 6314
4257 1139
2258 1978
6981 107
4260 9784
6834 9896
826 163
4969 4961
9816 9728
9243 8680
244 9803
7511 5139
7971 7435
1428 3390
257 2591
5236 7208
2215 6413
5556 4645
6826 7863
3585 941
2241 5727
2554 4491
774 8505
4575 3363
4744 9039
2648 1102
2804 8044
8225 1115
6754 1470
7275 8674
1650 1325
608 2750
3919 3348
4119 578
3893 2348
2351 3673
1160 1411
3950 2832
7822 8132
293 8373
7878 7139
5257 1798
5446 7967
4764 1180
3739 6327
4963 6272
7704 961
4382 6542
8234 1639
2140 8542
2007 3968
1392 1194
81 9540
9549 2519
6297 3766
7782 7964
6307 4022
3097 6559
8860 1976
1564 9073
26 5879
3638 7233
2732 5290
3287 3585
9973 8935
6195 7818
35 8281
5234 8009
9199 7717
8417 3164
4157 5007
3311 9277
4508 3386
1341 1854
8896 3720
8401 8351
6403 696
8833 1590
7768 8082
3276 7190
7123 7744
4915 9159
367 1473
8493 4003
6648 3391
6843 3373
9775 6422
1650 5223
725 9925
8234 1123
5396 416
5044 1206
4847 7194
5713 4859
4361 8059
7 1637
3672 1907
3061 4790
8178 4916
3543 9993
3009 8574
4097 9633
7946 1438
2317 1656
3010 9690
4884 7386
6158 7939
4288 2018
365 790
782 3375
1606 8861
293 9834
3598 865
6976 8416
7876 5739
9034 3609
6426 1037
4973 8939
6575 723
6151 4763
6792 1883
6398 9188
4514 7318
4000 3777
3677 4735
7317 9803
8375 4500
9247 8578
8885 7205
3117 5827
3546 4415
2411 2391
8807 1236
6890 1215
6880 2794
1582 8013
9913 6732
5894 9126
8768 5530
6152 696
5756 3184
946 8144
941 3632
7573 3797
3346 5510
7388 1555
8662 8317
3964 891
6608 1019
6220 83
5125 5901
7843 6553
271 4963
5858 3406
4319 8988
2246 5812
6326 7287
9257 1591
7985 2629
4569 3962
918 9648
1124 3040
8287 6994
9888 8245
7336 2227
2337 9691
9506 6977
7809 7019
8559 18
8925 1752
8046 7547
9601 71
9820 692
1943 4701
1887 3320
7348 6687
4200 8507
9394 6925
8716 682
5837 5815
8666 6518
860 9833
5011 9070
6020 1090
4201 4509
108 3202
1397 1830
1924 8939
6441 1941
614 392
7769 9762
2461 9241
1740 2019
3175 8810
8278 4652
3731 4558
8854 7488
1869 6159
4705 1426
3233 4626
3536 6815
4746 759
9176 2136
1462 3113
6180 8621
8272 8292
1202 7969
9872 7192
4637 373
550 1
3116 1128
8671 5223
8447 7741
9508 9851
8189 8875
9674 6004
1340 4672
2891 9247
739 4184
9737 8117
4470 3097
2594 6094
5331 3810
8405 9579
1871 7750
4614 5877
7903 5589
3123 6572
1838 1656
1990 4937
3672 8399
3313 8963
2502 3430
9305 942
1144 634
9343 7652
7726 4021
5321 514
8411 4265
1256 7142
4082 2762
2447 4571
2332 9519
4676 7988
8812 7458
7789 7947
2979 6917
9795 1296
3488 5939
9039 8708
6226 5232
2125 6992
6958 8113
4131 6926
6602 9868
1657 939
4945 1345
6358 5525
7026 1816
8402 9009
8469 4671
2662 1683
2688 2918
3866 2108
3591 8302
773 6378
7286 6852
6169 8153
2328 6570
78 510
2026 5743
1536 756
4548 1328
5416 9443
709 357
6986 3972
5799 3902
1808 4115
3214 6708
5720 4870
317 5415
9907 7208
3869 7896
6778 9102
387 2745
3734 3923
2991 1715
3877 7208
6257 5950
4142 5317
6957 9009
2998 5899
7991 4711
4242 9055
7656 8141
9867 7386
9430 1582
256 8898
9421 4192
9332 6019
6043 9906
7735 3479
4110 616
5932 9622
1544 4519
922 5936
451 2812
2128 664
3097 513
9266 3111
5098 1000
7284 3627
4753 2819
4905 264
6748 7209
4393 8146
4700 5987
116 5624
8781 8443
8877 6659
7430 1783
5996 110
4426 2749
1310 3071
6233 3576
3459 122
8810 9640
316 8358
9321 7456
9517 6959
906 8319
8652 4057
4498 3591
486 3724
1253 2946
7747 6497
1448 7779
896 8663
5547 7234
9155 4739
3101 5771
2725 3118
8715 3254
3912 693
2874 5817
5028 823
6348 2123
8674 6409
123 1073
8435 2879
6284 8032
1803 1065
6300 3079
5030 8204
755 8680
6741 1626
8487 7653
6628 310
8074 7513
8048 8072
4960 2181
4427 3475
8902 3348
6691 4008
350 2571
7001 1441
4855 475
9101 9041
766 8392
6421 9236
8660 2723
8137 9348
5169 6705
1072 1783
1360 7876
8957 1806
6789 2688
6889 4087
1672 5965
5777 3268
6414 2252
7691 4457
8500 9173
4959 7356
1895 1088
579 1391
6034 6517
9458 9688
7123 2593
4311 7228
8820 4732
5043 5688
8338 7356
7343 3845
4463 3946
12 5887
1817 5450
1716 6775
8737 2863
1140 3035
3539 3002
3823 3579
4965 663
8529 4595
6364 5113
8589 6816
3099 10000
2645 8373
7375 659
4873 4448
1199 6056
4137 889
9913 4582
3498 5415
5508 6612
9932 434
5280 2220
9331 5370
7880 3080
8482 3730
6070 804
1290 5787
6965 7845
6645 8545
5650 1356
4827 3857
7137 5692
5527 97
1467 8734
2921 7433
5044 8392
2619 6542
2488 1355
1163 8746
4989 3473
761 8703
5208 2413
9847 3733
1994 6437
9712 1207
3852 537
229 9712
9855 5002
7055 699
3865 3498
3783 3097
4826 3673
9940 5971
5857 3448
1625 4780
7475 5314
2360 9282
1901 1271
6717 4971
2373 7919
500 767
5711 7640
2314 4172
1707 5370
4180 1236
9633 5518
9418 8894
8655 1585
6376 7927
936 3493
2496 8688
7438 101
1377 75
8054 5741
4737 5804
9626 3405
7149 1536
4735 1143
3372 8971
8933 2831
4745 8914
6384 4654
3573 4593
9898 9343
4313 5121
67 7676
5779 7891
2877 2873
5863 7204
2246 3930
9441 7962
4351 9338
8564 2155
4256 4170
7937 6573
9358 5593
4659 5627
1893 2913
7325 1408
2101 794
8585 9864
8669 235
9777 2025
7359 251
5341 6380
7140 3507
523 7734
3483 4397
7526 5524
1032 7356
6224 6660
5147 8181
5838 4969
3167 9371
436 15
9420 2309
4191 6120
6654 4349
5161 9517
9148 1347
1190 2493
8531 260
6669 5423
4183 3291
9915 1375
4526 6326
4390 7104
5812 4942
1364 6271
6163 688
8556 8218
9018 4119
2313 4469
7663 2873
3537 424
6736 8743
2516 1157
1806 2681
9233 9202
1167 1901
7700 3261
3775 1852
1397 7914
2754 6244
5256 5502
5901 405
4357 982
2991 9667
3661 4863
7439 7769
8789 118
2841 8047
2014 8146
8079 1566
24 1704
9258 2394
1103 7272
3676 8242
4655 4518
2442 1835
5589 147
1537 6944
7470 1536
1039 3670
4243 3497
3565 4346
3637 2885
6370 2738
1774 4446
9637 5744
1623 7375
1236 7025
8567 1916
6258 8849
6650 8420
2077 3648
6327 6641
7582 8707
2066 4404
3552 2632
1655 5171
1732 2026
3010 5986
4369 8431
7729 5305
4005 521
8151 129
7238 1343
3324 8876
6459 9401
2525 2991
8479 2377
9555 2314
8638 726
8805 7456
5229 3283
536 5675
959 4955
549 3932
6208 495
5341 1917
3974 4157
8598 7244
8151 5654
2496 6530
3386 2873
8800 9304
8061 9624
9527 7350
6684 8600
5760 4007
6005 9819
4965 1739
3160 4123
2002 8776
4585 5279
5426 4555
6516 8987
3589 6740
8688 6066
4812 7216
4710 8486
722 4445
2778 6149
8588 269
9149 8230
8858 1100
4210 6643
3815 1292
1437 2707
2723 4638
6681 1303
3132 7038
7407 2540
8941 7866
8578 1894
9327 666
3605 8832
1119 3960
6642 7953
7147 6650
5042 3050
6339 5929
8048 9771
6573 2175
3398 6963
5344 2641
6903 7554
3852 9198
6589 7392
4795 2492
1281 5143
5920 3464
3976 7773
9767 8602
4734 9097
5004 2193
835 9975
4626 7920
1356 6586
5974 6673
9638 2854
7635 2017
3835 7598
4698 8816
2520 6809
1693 7742
3076 3051
3964 8890
1105 6734
9903 2711
6912 8920
2045 2791
6600 4200
7628 6899
7753 6399
6843 4929
2853 3654
2563 1775
2344 7186
7312 6241
4997 398
7180 7012
4385 8563
6280 9138
2772 3301
7156 9447
5074 6545
7818 2746
5942 6050
7783 9779
5883 3787
915 6678
2391 2121
9102 7448
2212 3218
2115 7045
8292 2199
5922 4897
7238 1046
942 4605
4153 8516
6369 8939
3939 8138
9986 9951
8588 8937
9303 1571
747 2598
9097 1823
6523 2964
4399 3789
6522 8451
8961 9542
1154 1711
8504 9389
5357 1776
4766 3065
5490 8371
3766 8277
3078 1860
6905 3377
662 8846
5652 9173
1863 4462
3053 6460
9888 7859
1451 6005
8818 8013
9606 1539
2133 6961
2113 2516
9991 5385
7069 4746
7352 18
4965 8041
8268 3349
9998 8533
5307 4776
6756 677
1156 4107
8149 5343
2582 8073
8733 258
5511 5922
8769 6271
2746 1152
6182 2832
9425 3350
2315 2407
8056 5238
571 8756
1623 2069
2034 4407
9447 6664
627 6229
3806 828
5580 4946
9982 4299
1681 3510
9860 3064
2278 4513
9156 5105
44 8504
4712 5491
3458 5188
2037 2384
3617 6619
4598 9207
1568 6017
5215 4454
2749 7705
7735 7269
360 333
5075 283
1497 6635
6339 7977
4716 1218
6085 9344
1812 3922
4065 3663
5883 1309
7295 5753
8123 2245
4352 1844
3897 4520
4201 3780
494 4234
1118 2556
6467 1024
2169 3000
2707 9495
2849 245
2892 4513
1934 3048
7314 8771
5344 8693
8480 1889
9819 9766
2199 5485
6891 8059
2130 4672
4826 2600
689 3992
5733 7739
1867 9091
6890 5020
4773 1528
5512 5508
3416 9336
787 8247
8386 3997
6730 8492
4879 495
9861 1416
5969 5858
2557 4280
2628 1343
2853 6899
6506 1538
6557 9094
1225 3815
6463 9868
2715 2463
6217 1960
1523 5244
6026 324
1781 8386
3730 8565
8934 9081
5445 6904
322 8656
8969 7309
101 416
3118 6832
5937 354
1040 7679
5803 7907
6442 7929
339 3828
251 3953
9014 1622
4346 7727
403 1953
6456 8284
2442 9273
2207 6420
5106 4733
616 346
260 8355
2321 1262
8804 9885
3489 4532
174 6218
681 6043
3426 6450
3034 5807
6764 5449
4801 8655
6816 8921
6663 9575
7059 8188
5270 9712
1386 7914
9506 4842
1575 8811
1170 8152
2784 2808
7719 2527
1040 6095
9905 234
583 738
8868 1380
2454 7672
4934 9855
7021 4554
5857 962
117 9630
7563 5494
8002 3049
519 2645
8365 8730
7264 8558
5481 3809
4084 6805
9054 7601
3988 1069
8324 4992
6486 6404
46 979
4784 7573
4448 154
2977 2705
9891 9666
1324 756
8380 992
9819 3886
9998 2352
7174 9800
1158 6345
1003 3309
2815 8259
1029 9036
147 7846
3641 2601
2404 1607
9557 3956
8698 2745
1633 9813
7642 3373
5986 3142
6739 5599
646 725
9081 9451
9716 3694
4788 1322
7122 4027
6873 1476
7478 1368
4924 1150
3323 4348
7207 799
5491 7147
3973 3413
704 5678
4901 7429
7697 9887
8991 6039
4488 2065
7338 3859
5181 8346
2917 9662
6856 8950
8565 7983
5012 7520
8397 2507
4754 9120
5125 6629
3498 9616
581 813
4732 1907
9003 8648
363 6937
6154 7190
9292 2752
872 4095
5540 4411
9069 7993
1776 1814
6339 2528
7290 9723
9591 253
7653 2801
6228 1460
2189 4493
2900 77
9598 6862
2684 783
8265 6927
2109 8547
8788 7658
5729 6874
627 7818
4842 5034
9390 8030
2896 1526
2411 2716
5863 282
4119 7577
2895 1110
3128 6698
3089 2318
7291 6399
946 503
92 8272
6255 8221
8922 8114
746 799
1459 6265
7680 3908
1828 3754
9506 1342
9954 9301
2571 4144
6485 8209
8785 1274
9921 147
710 7911
6452 3906
2192 31
1303 994
106 879
8042 3447
4937 1165
439 5688
2431 4428
6931 8670
9254 1380
7545 6898
5957 9102
6304 327
5465 9639
2250 9869
982 2439
7855 8960
2681 8890
2157 9384
4089 58
158 9634
3582 8495
7702 619
6996 9448
540 7685
5465 4678
9002 1593
4303 5703
316 6700
3982 9785
4731 9066
631 3578
6038 6519
7743 3146
2922 5673
8360 7683
8776 9111
7010 5740
8598 6374
1939 1619
5596 881
1853 9901
9317 6085
2357 7030
4849 748
8548 8742
9182 5865
8008 854
1469 1469
232 1454
4190 46
7054 24
8447 1460
8965 647
4547 5098
1896 393
870 205
9598 4469
8499 3824
5630 2969
8810 9376
1268 4006
232 5157
8404 7374
1322 1079
3906 8276
7237 6246
1060 1531
2009 820
8760 3455
62 2507
985 2437
294 7874
6666 118
3608 2973
8340 9899
8593 1272
4149 1531
2489 2956
7062 462
2981 2912
694 9636
1146 5981
9654 6427
7428 6427
9121 3500
1233 2526
6906 3186
1899 2164
1863 8928
1817 6838
2022 1928
7802 2191
4190 842
7793 1451
9686 5978
2980 44
236 3227
9706 6473
4023 7377
9013 237
3303 7760
5935 5777
5099 940
1439 8862
5238 4581
5339 4259
7736 3882
6745 3022
7311 1563
4284 9800
6436 9026
3379 2081
1060 4836
3135 9248
6036 6651
6186 7283
3406 134
6779 6249
2418 5597
4785 9516
7145 8260
7682 6925
8625 4816
2277 5931
1340 4337
3081 1774
6569 1367
7005 9601
2738 2001
5314 2645
4231 3275
7276 5188
5010 3634
6856 6186
8737 4599
1209 1693
5830 5237
4138 9934
684 1182
6505 3603
2575 7332
459 4198
3642 9583
9288 7451
5262 9555
3285 991
8867 6363
6816 6269
578 7471
5591 3224
8650 8825
9832 2477
8010 3570
8434 2612
7662 5264
2440 3937
1928 4717
6646 3819
2024 2791
5182 8109
1837 6278
6514 4215
6800 2680
417 1558
520 8444
5479 1541
9060 638
4346 87
109 4948
2724 729
4283 2787
7052 7062
4079 829
3502 6035
1612 7158
1236 4290
3206 2737
2847 2254
4769 8251
8102 2303
5411 6964
6280 5671
1148 4115
6460 6843
2586 2923
6872 2159
5011 2409
444 9304
1558 4566
3157 4030
8649 7550
3889 7742
4164 1743
7414 2968
1615 1542
6996 6583
2780 5822
1931 2403
8915 3027
7910 428
2568 9812
8558 7983
285 804
3328 5137
3222 7352
8676 5219
7444 2813
1455 4645
5357 9868
1595 7910
8395 9024
9478 6403
3135 7501
3803 4216
7146 2936
8027 9246
7523 7515
6465 460
9975 9513
6471 160
6804 7570
3458 7021
6073 926
3429 7165
3060 2484
9162 6174
2665 9016
698 3056
133 9575
6446 5062
2971 1910
5726 5776
3363 6794
6898 8057
8876 4562
3037 6300
2879 7410
9333 8858
2909 631
6829 94
7911 5137
8683 2804
997 9259
1320 8998
5597 3188
493 7468
9099 6223
8293 5789
8711 4209
6985 5685
3438 8040
7661 7539
4478 2031
6426 4208
5243 9918
5854 3222
9008 9352
4799 9713
9328 2884
624 8625
6246 8889
9233 9678
8745 6524
6174 3905
4213 6185
8938 6399
2120 4287
6706 4203
9487 9897
4530 952
6042 8992
5466 1059
1817 9743
3692 4241
9845 5525
3096 5826
2677 8226
1986 5300
8518 124
6733 31
4294 9560
718 3633
4056 2386
289 8459
2130 6890
7750 7444
3552 9543
2048 6981
2817 2565
2244 3658
9614 3007
4272 7555
740 7605
8245 348
8581 1967
3222 6031
2012 9769
6267 8161
1276 1223
1495 9154
1287 4862
5438 2211
1774 1260
2291 4639
5496 1062
5824 2061
6084 3790
4203 4908
1466 3704
8841 9665
6079 4301
9600 727
3999 459
3602 7005
3044 2372
2284 9919
2383 8789
452 7662
953 7127
4733 3537
6252 28
7591 5563
1351 3576
1235 590
5147 2538
8984 9994
5421 8969
2916 1766
7904 4288
5837 8873
9946 5193
8637 1891
9788 7421
238 9213
9414 620
6169 7847
2221 5062
6808 8458
29 8718
1899 5507
5592 4563
9812 4435
2175 7861
9760 3083
4910 3658
633 4437
8023 6930
1339 4951
1325 9750
952 4982
9771 3417
8459 1496
6923 2602
8293 4440
7518 1130
6276 9694
8658 6017
3662 648
4830 4134
2366 5775
6590 4614
3040 2602
7521 2558
5549 9378
7911 8063
173 8117
6281 2563
1015 9735
5365 1894
2898 6808
2045 3436
778 4034
8314 3418
4377 6115
3659 3266
5524 2004
5052 2314
6032 8744
8301 5159
4137 2020
8266 1130
2578 911
7734 248
1427 2637
9335 6116
3113 7069
7332 8202
2243 4665
9902 7101
3660 4472
8576 6792
5478 9329
402 9902
8079 7781
9059 1433
7423 2502
9721 3065
3147 8378
3434 431
9609 3766
7872 7694
3200 547
3436 5960
5345 8007
9015 7610
1409 2293
4718 5921
6602 9619
262 3564
540 3310
8987 4232
3530 5610
336 496
8386 3925
5845 6085
159 2472
5353 8432
9236 7844
3778 6
1519 3945
8108 1345
4450 5209
1094 9840
2718 6098
6080 9025
1932 9317
5763 6885
1374 9352
7249 328
8885 6549
2345 3890
2248 9420
484 6928
9513 4351
6674 2701
9662 4492
6210 4873
9957 7370
4852 7192
9507 8388
8647 8130
3499 1498
7491 4121
4827 8161
4524 9488
8165 6310
5203 6932
5559 5170
7920 9256
2881 7701
9171 4955
2617 4070
8224 8160
4417 9719
1833 9871
3812 8605
9704 5269
2321 7811
1703 574
9622 6677
6852 7260
230 570
3269 9568
821 2064
4589 1651
9196 6133
7233 5352
9860 7542
2334 4608
3858 9951
9609 1646
4987 2086
1936 2127
4395 5258
9152 1496
4019 6316
2778 9639
2989 675
882 9917
8567 321
971 1474
9029 1428
8363 9564
1440 6171
3881 5777
6272 3744
6342 1812
9213 3773
6804 1607
6495 2624
6620 6041
5843 5672
7546 4285
780 9977
816 324
9066 7627
5165 4200
7453 709
8510 5325
7706 972
1920 4486
1861 7530
2574 8013
9694 3476
4674 4840
222 3283
702 4383
2204 5330
6395 6693
3609 5742
2580 9482
1307 561
7169 7134
8155 6846
8217 5979
5489 7463
2857 4754
6145 5359
6805 1460
4476 6211
9750 645
3629 6672
5243 7768
9981 8153
1540 4056
7922 6866
9769 4966
9902 4502
7773 3341
9573 4446
473 9508
3353 8810
530 5699
340 1661
6813 4975
4930 4580
1313 481
5730 711
3555 2625
9979 8697
5921 8285
3338 2091
9954 5539
8751 4996
2091 4311
25 8471
3926 4133
7744 1663
9663 2332
1018 476
355 4257
8279 1403
1160 1020
2187 646
1324 3639
7766 6533
7286 6325
3010 5994
2059 7028
9397 1749
2086 1204
4327 1012
3680 3482
5929 1950
7685 8589
4490 3794
6907 8846
7453 5785
2668 3456
9552 8766
2559 1096
9047 4659
2451 6352
4944 8218
3148 7250
8364 8995
4165 8788
1757 7029
5507 6152
2593 9263
9420 2216
3193 6264
355 7289
7633 9626
7131 9958
8427 7425
9107 4325
2625 9200
7494 9667
5566 4748
8082 9711
8303 3932
8289 1720
1538 5451
2834 1052
6672 5113
2736 4546
9476 4526
4722 6818
8353 4206
6241 6027
4103 2121
2562 2882
7769 5255
46 6502
5869 8051
3333 2390
996 9942
2894 1661
2862 675
306 5555
2113 1666
5022 4552
9750 121
6324 1806
1888 2850
4767 3589
4259 8776
7516 1731
6401 2100
4147 8666
3644 1452
4268 4714
2537 4850
8353 6676
3024 664
6890 6163
974 7150
5141 6424
9530 2213
6578 7022
7796 7354
6074 3822
793 6657
4324 5617
3798 7243
9394 6362
2540 5351
1476 8978
6235 4154
257 6989
4899 7363
7077 9738
5150 5208
7921 3144
7109 3265
3223 1736
9540 9326
4100 366
8183 1963
7845 9107
2436 6951
4965 9268
440 5017
4707 1687
7220 8236
378 4571
1864 4692
9758 3177
9275 9250
5762 193
3212 5289
8544 9294
4638 5135
9301 9647
6366 1785
4240 783
2920 8636
2883 8351
5296 8109
8542 4887
5002 9847
3197 974
6198 9940
7531 6253
6267 7731
6197 5850
2841 4139
3738 5799
1680 1253
5686 2034
8714 7166
6010 1863
8626 2992
5629 7240
6742 1307
3387 2368
6582 6602
6878 2649
9331 6194
1406 9619
1494 2957
2804 1682
2328 1255
9377 4747
4932 3154
6305 3215
3091 9928
353 2022
3857 7489
1263 5528
904 590
1471 7136
1998 1232
2863 9493
3179 8357
6756 5643
3374 2549
6687 6599
8840 2914
8792 9742
7959 8421
2414 997
9913 8074
5174 3413
1204 1529
7282 5808
8807 3118
691 6402
2969 4840
5879 9170
367 3101
7795 9337
1271 1347
2721 1414
9941 9367
1530 307
2150 8446
4956 6854
8060 8863
7713 6776
7872 7037
9835 4749
5418 9689
6322 1961
5533 932
4393 929
1830 805
1677 4463
547 3628
6628 4714
9511 6941
2889 4204
1194 2920
8360 1073
9965 461
1055 5827
1000 1838
7027 7284
1491 9451
7299 7438
3424 4734
8233 3882
7302 7197
6424 7323
8118 6677
4989 2553
7063 1352
6545 4452
3852 7231
3762 5799
762 8687
3394 100
7893 603
7606 6692
924 5038
4765 4396
5956 9576
3132 1758
686 5168
5772 7577
1178 9902
792 8543
7068 7713
6281 5543
4021 8600
7067 442
5215 2566
2329 2273
1205 9331
7930 703
8875 6630
3201 3509
1977 3957
376 5586
7082 2037
6962 5709
8542 64
108 78
516 3034
7227 2385
5159 3679
4276 988
698 6355
7146 5668
4690 6182
5271 2285
6372 9970
4079 558
3395 2702
7713 7999
4260 4615
4879 1397
4067 4677
5709 6247
8343 4360
8706 9879
7130 3224
2159 9964
5586 4565
8873 9510
2039 451
6149 8026
1455 1478
2492 3362
2406 9502
2797 6048
4171 759
5708 6421
4465 2877
1377 1404
2221 7299
8036 1047
6639 5224
922 1639
4242 1867
4409 6774
4150 938
5610 2922
4071 2973
2385 7879
5118 2506
9364 6435
9691 9889
6484 226
5048 2980
6432 6895
8736 8102
9873 8999
4607 2614
321 6858
9004 3529
4051 7285
9588 155
6753 6372
1883 8370
8270 671
3621 1437
8645 125
6177 2166
1654 4791
4102 3554
7028 9104
747 4238
4753 5201
3275 8018
3644 1063
1898 5160
7482 3099
8162 5049
4033 6171
2019 4770
6760 8830
8703 9922
6889 8599
1682 5275
5778 8852
431 7861
3847 8549
5043 6787
182 1675
6123 4782
6056 5124
8075 6841
842 10000
7212 6606
3711 3181
8605 1205
1866 1704
2266 7910
1559 9195
7340 6428
9008 6096
2441 657
3341 8467
8859 4305
3785 8723
1601 4520
1078 9732
8165 7192
3193 9792
5016 1368
1017 2202
4171 8428
9647 8106
633 5913
3225 4323
9324 3224
6834 7368
902 4213
2902 4568
964 7703
3561 8171
4026 1889
952 8926
2964 2870
4592 3168
1964 4664
546 8799
5861 2698
8173 6970
4752 7228
4829 3264
7300 7022
1246 6899
8155 5608
1489 9805
4860 6910
1530 9964
9541 7479
4435 2293
129 8972
2495 5264
4333 4789
7909 1117
3761 8996
1866 2737
1282 1624
9633 3797
6397 6918
5401 8113
6176 3868
8565 8036
2506 4733
3839 8419
7438 4567
1328 4558
2666 9310
8898 6038
928 1177
2962 6391
2633 7093
2901 6136
2717 8933
3772 3061
8113 9225
610 8454
2490 7603
43 2326
7263 280
1056 3203
2278 6891
923 7153
3565 917
2952 1232
9010 9957
8441 7445
9429 5798
2149 1348
7801 122
6912 4649
2812 8502
8829 2255
4109 5339
762 5583
5015 2863
636 6872
5276 9338
2156 2174
9139 9334
9339 6960
5734 9673
240 5698
4959 2399
2994 2772
8462 3419
4840 8957
682 1854
9099 176
4227 680
4898 4525
5203 5993
2448 6857
5632 4192
6274 3770
6732 5347
6779 8891
3576 5096
5254 5123
7283 5489
117 4336
4108 9667
9720 8276
1607 8780
6310 2074
4745 3595
5032 478
3645 7449
7496 1109
455 3259
533 222
1414 1550
3566 4781
9267 5995
5232 9352
9481 40
3521 905
3537 2516
3463 6832
3421 1464
4853 5871
333 5579
481 4924
8958 3557
7430 5614
8922 1246
5097 3704
2839 9893
2985 5555
7096 6937
3278 2897
532 7118
2579 546
1336 283
2769 4517
5276 6997
5800 8673
7546 7175
2699 9812
8570 5373
1119 1913
8712 9445
2740 3522
1755 7195
277 256
6253 2173
9180 8715
2723 7063
5183 6018
3341 6496
5551 8803
8289 2946
9994 4930
137 5724
1860 845
1745 4926
1157 5900
4012 8678
5142 9946
7827 1345
3338 881
5647 9268
7764 4278
6277 734
8381 1596
4118 397
4750 5400
7614 8784
7164 6971
9611 3770
7484 770
8628 4644
9405 7839
1004 3083
3905 795
2971 5302
4091 8143
9979 9648
8299 5969
8760 7666
6755 1072
2035 8023
8022 5902
2846 6045
4503 2985
832 8524
9825 9310
7080 2615
5321 6571
1567 811
9364 1829
2186 6138
2323 3069
4206 2683
3283 1168
4078 8663
1558 4027
7713 2706
8718 4897
8638 9646
8412 4827
1124 9593
4881 1612
1857 2261
1671 106
4905 327
9458 1253
4617 8806
8706 8410
2063 7006
112 6760
6488 1734
3653 2285
6222 2296
966 8487
7574 4351
3580 9984
6839 1209
6262 9437
3772 6345
861 2415
363 3658
1365 3174
8599 9436
2890 31
6911 4835
716 7388
1682 3519
2372 7706
5744 4959
1608 2645
2002 6248
5743 4679
2906 4847
3613 7202
1819 1733
3053 7462
4967 4765
3981 1066
9527 683
3867 4286
9755 5309
82 2429
757 167
4046 1531
5223 2605
2705 7041
8939 647
8093 8371
8726 5301
4816 9792
7226 471
1312 6626
8890 4119
4194 7958
8107 5024
1420 3105
6619 2899
9463 5953
6087 3317
4229 2835
5160 2075
4759 410
2585 3777
3757 2290
2108 1956
7946 4225
9087 5943
8858 6823
7351 5678
1619 3918
4848 5979
4249 2156
3005 2957
8858 7216
6949 132
7194 3209
7367 9102
5700 5880
701 5553
8573 5027
7911 8271
5134 27
342 8266
8099 2508
523 5959
6201 4476
2572 8047
2169 828
9029 3949
3759 1790
5650 7901
7230 9514
1505 8246
9626 5628
3263 7174
4735 2094
9823 4015
4704 5130
3489 3194
607 3283
9250 2162
692 7950
7128 8532
1457 2196
2718 9649
2866 7890
7921 8665
7825 2899
3544 1122
3790 4976
3585 1493
6168 65
606 7543
3011 5468
9943 1206
76 1409
6027 4854
4716 6524
761 1658
7899 4279
3570 7259
7305 6562
8979 9723
8798 8657
6015 8436
5341 8787
4142 6579
3091 607
2165 9472
7075 2129
384 4833
9621 1154
9619 9573
903 3013
4988 2315
6060 9072
8500 9870
9497 5554
9290 6205
5181 4674
1468 9714
2567 5924
1976 496
1070 9646
4316 4188
8347 4184
8625 2980
64 2267
6015 5271
4272 5551
886 1040
8727 8842
6281 5126
8657 5560
7306 3032
6163 2576
7473 1930
4566 2926
1115 2445
79 8625
2177 9124
9846 4864
8035 4559
5343 6935
5359 7642
2811 4027
8270 9335
6834 5365
351 8226
19 4934
1485 6496
4634 868
5401 9380
1740 3444
7354 1674
5017 4913
2803 7550
7258 389
4280 1156
304 8859
7172 503
6024 19
2955 1158
1240 1936
4919 9836
6211 2050
7837 8046
7689 4696
1445 9256
3438 1317
907 7567
1527 6140
8390 8981
2284 3701
6955 842
2600 9324
5978 6357
5346 9419
969 340
2586 9832
7123 9910
6189 7198
7838 7391
3940 6238
8780 2920
8707 6105
5533 3716
7421 3136
6886 6368
1680 130
6294 3206
4934 3522
7486 6515
970 8233
178 9416
1112 8165
2980 6775
3809 9973
6623 8862
7780 145
1488 8852
3971 5139
4526 5304
9602 8350
2753 421
907 9898
876 4916
6989 9344
9949 7351
3804 5668
5424 5926
9239 5087
6654 2425
9544 5655
1900 4668
4037 7432
3493 7113
3840 3174
6743 7816
638 4464
3626 8837
6289 7422
7579 377
5674 8999
837 3671
330 1499
8775 8511
2684 4416
3150 3925
2649 9015
4805 1159
4099 7531
2378 5115
5231 2304
7959 6322
8113 3569
8895 6078
3858 9815
8582 1654
1486 5747
5742 5942
3961 5454
7546 8422
7434 6894
1462 9335
9137 5750
4223 316
5985 6035
447 4402
1033 5342
3648 1348
8482 5343
9642 4439
5118 9233
9487 2020
835 6763
6056 7023
6965 4461
5765 8190
7220 598
8009 6631
3760 214
3907 399
9682 512
2544 4720
1685 8797
1123 4700
2961 5242
8449 5799
2197 9313
6940 8622
6944 5118
1950 3336
89 5313
1857 121
2300 8048
5615 7774
6156 8772
1568 2949
8181 1568
6030 8391
2793 1762
3056 2947
7277 7436
7188 8985
4191 3425
5453 8093
4408 8588
8247 357
6151 7413
8814 7511
4130 4498
5848 5903
5969 7417
3345 8638
3570 5187
1688 5637
4181 2213
6954 2107
6036 4990
8909 8553
213 6909
3236 4598
1968 4421
5816 8607
257 8164
6856 6959
5267 1774
4794 9487
9768 4795
1061 3515
8080 3402
2189 7729
8212 9734
6614 1039
7409 4818
6582 8853
3289 7440
6754 1771
7654 2282
2180 5533
6812 471
6455 9863
4485 1874
778 9748
1565 2162
735 9488
2567 3732
557 8801
1491 8843
9890 8265
2757 4559
1539 6599
5844 3771
9334 3215
3347 1117
3463 6801
7116 6003
515 8311
5431 8961
7086 6826
5716 7194
494 9519
9535 1286
6560 2098
354 9099
4521 6075
1699 9147
9003 4111
4287 1879
521 8
6139 2861
6944 2393
3028 1886
9236 435
2078 9758
4499 6957
1176 1826
1280 3179
9711 8782
69 9812
7133 4057
1482 6527
4779 4342
5719 3545
3481 9636
6548 2627
2378 9160
4360 5855
3149 5459
673 3770
3101 198
1062 6248
3848 2612
281 3272
8368 5782
8831 1832
4816 9185
6771 2629
4643 2032
2537 8514
3099 1877
6404 6980
138 1626
5527 6871
1086 1737
209 8925
8127 1988
7536 9449
1740 6419
7615 6834
1915 7033
3670 7328
9447 4201
2629 6767
9825 8912
4986 9249
3137 4820
7055 7547
1222 5210
203 7822
2069 5518
3789 4301
3197 9281
1020 2788
806 3204
9897 5726
9884 1840
8816 4350
4292 7653
1852 1055
1805 4391
7032 6055
58 3201
4738 4739
1903 4068
7433 2129
6449 3793
5652 7976
5702 9273
6232 9685
6092 2155
3031 1958
8282 6004
8984 5551
7635 3090
6200 8592
5054 7932
804 5808
6368 3366
7183 5716
8763 8229
6597 9116
7871 5739
5519 2132
3202 2685
9807 1495
3367 4621
3416 5758
7666 3547
3012 7978
2247 4495
2953 7904
2965 3771
1856 4206
499 6780
4914 6134
6428 3892
5558 3506
2293 3934
8512 3012
1023 8335
3620 9339
4889 9794
5164 5495
6675 9404
74 5830
9948 8069
598 43
8802 3186
2976 9940
8519 4701
8785 1883
4937 8806
7809 1330
7801 6653
1728 745
4268 1225
2927 1658
8508 8233
5879 1804
3089 3736
6653 3380
6568 2169
3206 5267
5535 7155
2367 8980
1167 1539
2633 8729
9644 7055
6781 90
2176 3844
4512 108
3240 3141
8232 6423
2074 5426
4295 5217
3455 465
3518 6633
3157 7376
1719 9152
4558 9380
8722 7371
7093 5760
4541 5518
4791 3446
7919 6534
9305 6993
8344 3201
113 2402
7032 9298
8166 8999
2307 4532
5004 1160
7438 7283
4090 7323
2566 677
9062 8830
7187 1978
9788 9670
7141 1915
8654 4984
7614 1318
9696 220
540 8636
727 3671
235 9540
691 6029
1012 6972
1479 3443
5274 5230
1280 7112
6005 6191
9716 8214
895 3696
4843 1108
7674 9248
5966 1193
6178 8951
1508 2932
8389 509
2697 5775
5275 6388
3920 2316
2236 6591
3076 3069
9927 6267
1627 8215
9271 6813
1149 2816
3031 2444
7054 1491
5551 1846
7328 8623
2024 6564
8314 9230
9604 3274
8108 2997
5877 7760
6621 5267
5698 3254
9282 3742
1757 2605
7622 7541
407 8820
8519 4646
6547 8617
2961 6762
8561 932
1192 3093
1161 2207
4522 9463
6972 971
7700 2584
6755 8797
1958 6767
3450 6435
8754 2950
390 4963
3823 1210
2974 4304
8810 5423
4326 6431
1989 8175
2136 7801
5049 6514
5561 1801
9142 2155
8882 4097
3262 294
7262 4414
641 6064
8321 1711
1356 5317
2061 3486
8163 6863
7884 9674
7992 949
1182 9015
7808 3758
8816 1442
5765 8124
7273 9963
7014 9730
5655 3656
1399 8797
2203 2479
7865 5102
2395 2710
993 5438
1905 6988
9551 1924
8072 3312
8153 8823
988 8334
6756 8964
4927 5151
3783 2284
1503 1585
146 3232
9463 8043
3663 4905
2649 5516
6632 5600
6428 8212
1028 4680
6250 2
7574 7595
1473 6267
4772 7216
8278 4606
1360 1283
4921 3900
8706 4446
7947 8774
5048 2583
520 8299
8101 1826
4322 6871
3532 7568
511 8122
4556 4470
9348 8646
9215 5784
9245 7632
9073 4571
9570 5922
917 2248
2146 9306
848 6729
643 9109
3095 7831
4927 8639
6866 3343
3292 2396
1422 2118
5501 3333
2202 7495
3449 8956
8390 1229
3956 4458
9846 4575
6462 7493
1501 6167
1887 9189
502 9742
7512 2478
8396 1654
9515 1712
4314 2927
3926 3459
8773 9094
2022 9952
489 1466
4037 2125
5200 7276
7791 575
8448 2326
1562 2884
6108 3021
9523 1856
1948 1419
2609 8301
7077 7714
628 8562
3124 6546
8602 9496
5214 7918
3236 7102
9753 3555
1443 6264
1444 1296
4434 6329
9902 4919
181 3726
9330 7875
2687 6099
2595 3609
4538 8880
9688 2737
5298 4030
6763 6106
9172 4814
7322 5905
3138 1058
9816 4878
4210 9083
4652 9527
4399 3171
1126 5046
6494 8038
6819 3043
8975 8544
5279 74
7366 3533
6401 3941
6771 3813
4535 5809
6754 9177
146 9673
1914 9160
9031 3913
4984 9470
385 6593
7375 9552
9919 7301
8681 6221
5742 1767
2641 8949
8834 5764
1087 1924
8975 6092
811 2097
5370 2580
1032 9181
1132 6126
6255 8749
1787 9480
3408 6663
6947 3743
2568 9710
1918 2466
8743 1784
4922 1509
27 8667
6847 4997
9236 6433
5296 3780
5328 7519
6720 5016
8493 777
2513 5345
3925 1949
6096 5499
8047 6022
7387 5524
4143 6618
7538 7547
6422 2886
5185 9633
4318 5947
4129 7372
2918 6625
2312 4057
1710 6423
1288 8469
908 96
8307 8443
7091 2756
4049 1491
4687 7150
9991 7505
417 6925
375 4994
5547 5206
1835 899
6287 4174
3703 1592
2730 1504
9379 5641
2502 6174
1490 7995
9486 9507
9352 2777
7541 7886
6767 5816
1249 9977
2162 9272
900 3678
2353 695
7543 1182
77 5097
3726 6151
2255 2876
5564 5207
4387 4153
4076 550
4029 4780
600 9484
8667 6285
4834 4315
7786 929
5185 7415
9324 326
1687 337
2910 6074
7262 8028
3764 4962
6564 8928
6824 7658
8105 6126
1519 7000
4489 1142
876 807
1726 2730
237 4881
5171 9154
3781 3934
1778 6921
9771 6444
1536 3240
9781 8657
180 3593
2862 2914
1486 6044
9200 6558
5508 2537
6042 3270
1112 161
3058 3831
7756 7420
714 2795
639 7227
1321 5512
932 4135
6708 9572
6388 7174
2722 7568
6212 71
2636 5767
4976 4450
2656 6569
877 6328
2787 9597
6446 2143
4044 2052
5585 9782
6447 8758
3122 994
1796 9324
6060 8791
4592 2531
6990 4079
3156 9996
8684 1195
7420 127
8185 2492
8515 4369
8071 4209
1399 9893
7466 7927
6646 3158
9563 6567
6538 5145
4384 5144
191 1626
5287 6826
1426 1542
4568 9002
4148 4844
529 7837
8775 6539
4462 7546
3663 2333
8817 1392
4902 9864
6714 5783
7830 8223
7402 5602
5020 4014
5101 5991
1690 7279
6633 534
6352 2159
8347 9850
6255 4365
3417 7375
5203 6077
6899 6928
3695 4002
3716 9680
8663 1470
988 6595
8204 2271
3578 8328
4428 3966
9989 7364
3804 7391
7257 7935
7519 2561
1790 9575
6102 4712
1210 9817
1203 4089
6762 8800
8778 2361
8165 8011
3611 1245
8596 8161
9547 4965
9482 8710
4438 5776
3417 9451
3433 3380
7641 2101
3241 3933
3113 4053
3061 9049
6462 4030
8215 6475
5805 6168
1902 4154
5939 2654
6366 1151
5103 9120
3021 8224
1969 936
3333 9015
4377 3917
7020 6569
5630 5665
97 6581
6015 8644
2260 2186
9610 7565
7449 7532
2435 7424
508 9626
9407 1700
8361 3386
9077 1549
5915 5734
2443 9897
2795 6813
1468 723
2518 3123
2069 8123
2264 469
1723 3361
5476 5567
7452 6518
4132 876
9893 7161
5667 417
1121 1425
4496 4071
6583 758
6459 8072
9009 7716
4643 8616
9135 2351
4115 1279
7050 9325
7395 2593
6901 9939
3857 159
7629 6272
8947 2645
4382 6773
8538 9670
6610 7097
5108 2360
7247 1057
3779 4926
9422 759
9274 229
9491 9414
840 5451
4588 5522
1569 8322
8249 681
9890 7831
5384 1382
260 3557
3797 8956
5498 3932
6681 2819
8738 8760
3577 2371
2112 8715
6950 8396
2652 2542
6649 3102
9380 5882
6344 1116
6682 453
3111 2713
789 532
2011 3987
8265 3240
644 1920
2008 8065
9556 27
9795 3394
5142 8361
9845 7458
9912 9393
2238 7967
9840 7448
1171 4869
8204 8738
7712 3407
832 1565
6656 658
6382 6424
6833 453
3213 8839
570 4107
5711 4281
5706 3662
2957 6820
2707 7618
4286 3692
2634 2221
1122 3782
1203 1403
2169 7974
5750 8834
9875 8751
5253 2098
7041 2471
9841 4394
4158 7354
7922 6255
4695 3726
7917 6658
4144 3685
1337 5242
9945 3321
1928 918
5541 5807
4043 4750
8625 5564
1435 547
223 9505
6402 3848
4218 2008
7636 660
6767 3039
9916 923
3030 9941
5123 3917
4961 4597
3015 1523
8526 7204
2451 1706
4553 9448
940 1106
6594 1981
3183 7695
4314 7257
3788 9175
8079 1812
415 1393
4353 7863
6785 4348
4450 163
7824 1538
6295 8227
45 7560
3114 4243
550 4168
2347 146
1579 9004
2162 6221
3638 9745
2969 4086
8006 832
1150 866
9419 3493
3416 3442
9625 9210
3685 8762
7087 9691
121 4658
8701 4177
9509 4261
2555 3037
8347 6245
3854 5466
5803 6822
1537 7114
166 6538
5957 3536
6319 53
9095 7082
8786 5459
6073 4747
9884 5266
19 4069
9786 3749
2098 1330
8839 3010
2531 7967
1751 9748
6381 8293
6450 6305
9446 5698
1146 9772
7146 1530
7604 6032
1715 5868
8864 8561
524 976
1831 1837
4373 9885
731 3288
9549 3641
7993 5088
8119 3557
3509 8545
3361 8153
7873 566
6925 2683
5617 6330
7598 1182
1223 9270
7821 5429
679 1272
8728 5177
1159 6627
3351 1291
8878 955
8403 4877
6079 9521
3699 9429
2752 3916
1937 9523
588 4983
8800 6399
4753 9898
6003 6309
6255 8121
4509 854
412 5105
7720 4018
7322 9655
725 9246
1427 8959
309 8367
6350 5319
3573 6046
7497 1425
3260 6931
38 9295
8881 9096
4849 3734
9067 9743
9872 9615
4663 118
8704 6738
4073 2490
8135 1803
974 3014
3352 8440
6952 5759
1293 1338
8089 3023
5531 9314
4891 1382
8835 595
3377 2741
328 9523
5746 1239
9532 6348
9096 1569
6750 8374
2068 4940
2192 4306
5493 4641
5456 9621
623 9799
2664 7996
7791 5210
9399 9612
7016 967
9113 179
9083 7751
464 9269
6295 7855
3907 201
9235 644
6455 6974
4241 7672
6445 5872
7754 4720
6109 849
2562 9118
9967 6658
3788 28
2649 3399
1456 6630
6844 3325
6063 369
961 2162
9505 5729
5457 3600
7809 2011
9608 3711
2257 1007
1051 8123
8804 6727
1236 4244
8395 7917
8847 9708
5222 4718
1643 276
2877 221
2034 4357
9984 9913
8362 9851
4499 6541
9959 8190
4772 2756
7373 9161
657 8609
5655 1303
474 4007
1475 811
1944 2861
3906 5289
2021 8405
5360 9061
3060 1191
9325 4264
2868 2857
1678 9178
2519 2214
8287 6502
641 4011
6599 5135
1051 832
3124 9672
1527 5145
3566 5634
3703 4475
7809 4881
8631 5073
6238 1653
1039 2455
1960 4240
4669 1009
6252 9256
1794 2441
7251 644
4824 5265
272 8998
7408 3822
9484 4324
2350 7834
3598 2892
5343 7050
6782 9937
6771 2218
1519 2450
1745 6852
3350 525
96 2947
2875 4670
7913 7290
5671 513
1933 5480
9592 304
9797 5972
3266 8239
6920 63
1854 3630
6489 8921
4367 718
6853 5147
9036 8206
5230 1007
1635 6948
3774 7238
2336 9655
2277 7991
6064 9178
8665 6745
1705 2589
8998 3205
3625 6272
2952 9239
2032 1463
834 3993
629 6800
1963 8670
8370 3521
7576 7495
1 6192
8456 3436
2371 2944
7372 951
9338 5965
2835 2781
9632 2987
4140 2495
36 4737
6540 5873
9925 181
5405 2671
3171 6836
5687 6701
8440 5370
7040 8471
6064 809
5055 1126
640 52
6139 7409
7939 183
2649 643
9207 3476
7832 1269
1814 9704
6662 3444
7852 1422
879 6615
9651 7725
9074 6536
5646 9367
9150 7240
9416 9080
8647 140
8225 6892
6420 7844
5072 9031
4635 3289
3227 7961
7290 9890
9588 698
1536 6517
8021 8668
3901 7932
3274 2446
8635 3819
727 8543
8780 8387
4777 9165
2693 5820
6604 4184
1429 9875
5541 9596
3976 9029
2607 5906
5046 1895
5688 4935
4631 2524
4382 3410
5817 7427
2711 2186
5193 5794
3646 6593
1927 9558
3674 9490
6907 4874
4774 8405
322 945
6966 6851
4347 3926
7184 9364
6595 4930
1428 6847
8183 1287
4180 7521
7071 2144
835 5978
9981 489
4258 4761
7191 4927
9951 1118
1437 2399
718 6036
7752 8917
6450 8917
1903 5499
4156 693
4479 9241
1387 6115
368 7104
6818 3588
4210 34
2146 5216
2651 642
156 9689
4643 92
7248 8140
3815 510
9137 9855
3213 5029
145 1568
3970 4305
4228 4421
53 6784
8448 5254
9254 5868
2852 7745
5961 6348
2719 4143
5599 9756
278 4804
9407 3076
3527 8095
6512 5033
2690 843
1256 1502
7088 4741
1176 7977
5305 8483
5628 5454
7864 2119
1710 7540
1742 7103
904 2800
6635 2462
8665 5617
727 8712
9776 3012
2151 2510
544 482
4161 6101
4277 3748
5800 6081
2694 3967
1469 6155
2636 3582
9989 1982
5809 5611
471 6795
3000 3782
9590 3248
8156 754
3811 963
1413 2289
6751 8558
682 9883
9531 7456
4435 8506
3828 348
4891 5076
3315 8242
1476 6637
1426 7919
9823 69
1471 1331
4101 7792
8945 2674
4875 6980
4361 7670
6793 583
7736 5052
6048 8638
9033 6770
4332 7776
3838 1970
5691 7547
7103 2106
4273 6578
7923 1527
1655 854
3530 3777
8759 6362
4343 2148
2468 3466
359 491
8370 5999
1781 4952
4640 7587
4960 3714
9182 4807
5682 1694
1111 7152
1899 5236
7425 7297
6796 7599
9537 1767
6045 1258
267 2037
9870 7364
9569 7656
363 8624
1476 5646
9716 5664
6714 7667
4424 4242
1780 3278
6011 6422
1620 4740
6232 8598
2185 654
3410 5937
6768 6167
6225 5538
9559 3543
7498 8430
5095 148
4874 6108
7263 2161
159 5815
3156 4255
9733 1154
6177 2376
4420 3726
9670 6750
5916 2679
7966 3703
3493 1288
3187 9682
9570 660
1932 9821
9173 1243
8416 6191
5507 3628
9717 4548
4716 1859
2746 3702
4471 3078
3206 9902
8410 6320
1781 6889
2339 903
2263 7412
3567 1864
3345 2418
8772 8451
2946 935
3315 5558
643 9452
9054 3695
4009 7389
8204 2404
2030 5415
1658 3155
6859 4636
9403 795
8361 3774
9636 1584
5410 9896
873 6003
7576 4269
4077 2223
2047 6751
7125 3649
7604 7478
9691 3049
7731 7830
1260 4440
5970 2268
4275 2128
3469 2368
5111 7116
7164 4028
9877 2251
1451 2691
2104 2409
903 5916
9088 1705
9841 4062
534 6143
3638 2247
3651 5511
4532 4533
7353 1706
404 7256
3856 9315
6953 1355
1181 6939
4555 2418
3994 7703
308 7601
2082 5387
8339 9750
5886 2243
5697 70
3134 3071
8207 3577
3464 4356
7174 9316
7992 1035
4843 7989
1301 1409
7056 252
2982 4296
4012 7795
9128 9823
9087 5805
854 935
9886 4628
1430 4632
7376 4331
6471 7395
5697 447
3425 245
7389 3701
4600 5398
6017 4943
2734 1786
930 2387
7074 8821
7809 9944
7836 3879
312 5019
3094 1443
6505 8929
5911 5946
4237 91
3919 4584
9887 4564
3233 3501
8906 3822
2946 4435
6115 7489
6725 6675
8004 2147
8276 5591
8812 4460
3866 7374
9822 3911
916 7787
8412 6789
3540 8388
5876 1817
1318 4036
2940 4968
5240 108
5273 2207
9819 717
285 506
4919 7919
4610 1155
3279 3923
2703 5424
5815 7142
4518 9361
586 6692
8795 412
5425 9128
9860 860
7301 6304
2877 9457
6125 7450
3006 8950
3627 3041
8076 5137
7834 555
4994 2087
7814 6506
7768 6587
9913 742
6297 3072
2575 9401
6133 1053
9969 2839
6881 8208
3455 1222
9682 4769
5048 2997
1602 467
1488 2704
8801 9461
6965 9416
2148 1640
9862 5925
3388 6128
4817 1769
8990 3277
7157 5175
1938 4157
6021 4432
1095 3529
4615 6500
8700 7816
3346 4926
2416 1273
7620 660
9265 9953
9543 1197
6812 7524
791 9188
1093 2059
1546 1949
4804 513
1343 4599
6831 9514
395 2448
1291 6129
9183 2890
8685 2880
5516 2988
4943 1416
9952 2445
9967 6744
368 3097
451 9178
9807 9685
957 4381
9024 356
6761 1828
4331 4568
2966 2716
1504 8671
8015 6232
9188 7467
2151 6470
1590 6517
6390 2345
9426 7485
8439 2489
4488 4367
8529 8688
4831 6853
3251 3817
9247 9048
7757 8482
7102 4527
9028 3597
5013 6716
4480 9759
7980 3844
7344 222
9153 2164
1938 4644
2338 664
2509 3119
2064 3876
8873 1895
3722 8378
3708 6538
63 9386
7265 2712
2714 2354
9574 9538
1965 6911
876 2955
6306 8142
6752 3274
2138 5982
8335 5857
8773 9763
8614 4773
326 3395
4067 4331
6553 43
9054 5379
4192 3504
2310 5316
48 1176
8190 2405
6739 9023
1747 536
9384 7278
7511 9787
5021 4576
6437 3114
3374 6150
7715 8877
2437 8659
3554 4848
4735 3772
3532 5216
3170 9222
6573 1831
1822 996
2514 9192
1241 8072
6727 2192
2144 2263
9272 8453
4006 2981
6962 3856
4790 4945
6404 5527
1697 9991
4019 1947
6246 7328
1916 3972
8125 5634
5387 5457
4145 6583
46 4344
1066 4606
7270 5028
3308 243
5949 2093
1242 1488
7930 3270
3894 7698
935 4087
1070 2353
6339 3315
4906 4169
7538 7250
3047 2768
5291 55
270 179
4695 1926
3430 9222
6180 5416
9273 9005
6433 3976
6252 573
6201 1185
8308 2977
851 2762
507 422
6149 1988
9511 6247
5128 3868
6636 946
944 8167
9789 1954
576 9988
8262 4647
1622 6386
6079 7106
4395 1854
7708 3742
5363 7347
4648 1802
6786 4888
1315 1116
1627 1167
6577 9970
2620 2576
9521 2963
3428 2907
7565 1361
6989 1075
3040 1405
9352 6744
2549 9467
2248 6950
4194 8411
8273 5932
6026 415
4280 4366
8262 5116
8340 9190
7335 6491
7148 8395
1561 6413
7318 4820
6221 4849
742 7439
6294 5808
277 5590
9071 7598
5580 7649
4922 3440
5625 3212
8722 9270
8943 3059
3277 196
146 9924
7676 628
9023 4303
5071 3781
7444 2214
8369 2758
9404 9552
7252 4949
7104 7675
5305 3107
4657 1269
7089 9079
4427 3139
1617 1218
8790 381
9582 3979
3745 1987
2853 9636
5190 7029
9851 6286
9500 7557
2945 2752
4774 1910
6186 5196
3258 7448
10000 8408
1998 3425
8151 3218
9764 1311
7624 6861
9470 9127
7453 2130
4362 2784
1729 7007
4033 3135
56 741
4230 6221
6426 9016
6250 5028
4105 3222
8230 7467
3508 2998
4758 3359
5764 1286
3648 2549
2872 4519
4281 5779
9857 4928
217 6079
5942 1325
3255 8051
4359 2249
6772 587
6228 1443
1680 5624
284 8413
1494 6588
4547 94
3016 1428
1645 6975
8391 1528
7754 2693
3728 264
5615 3241
873 2266
9073 5985
6243 7739
9098 1115
9424 1141
7404 5840
2769 1202
493 9078
762 5260
4903 3858
5596 3604
7651 2620
7457 7266
4146 5363
2950 964
725 7919
8240 7408
5130 6923
2683 2807
2216 7161
9726 1176
5636 2289
5427 2143
7951 8968
4971 5206
4789 5664
456 4376
4285 7305
4501 7392
135 9821
2170 2272
5211 7774
3920 4525
2624 8569
7196 377
2359 1513
3836 3833
1781 5433
1568 1104
7685 6023
1769 2054
9390 7853
3310 184
8182 2838
2431 1399
6986 6118
4283 7712
5169 8827
3203 2836
6553 8917
4271 3208
5155 6004
3182 1454
6309 8083
7657 8534
913 5099
2198 6639
8481 2509
8857 9231
5222 8757
4130 5792
2522 1028
15 4012
6241 1545
8590 6380
3320 413
9565 3472
4516 2988
1502 2901
9746 4939
2520 2845
7481 751
6122 5041
8992 3321
2825 2065
7741 5464
1841 2601
3929 8938
6185 9286
871 6002
8600 8331
7023 4937
244 4704
3728 8069
6585 9179
2564 3569
8655 7248
118 9214
4276 8945
8980 6596
3568 3476
9299 5070
6819 1735
9677 6474
9025 251
4655 3001
9443 4446
7711 2562
13 8624
476 3460
5282 9328
5180 2681
738 4369
54 3443
2234 858
8641 3602
6882 6455
9152 9248
7978 4819
7464 3677
3282 8544
2299 8375
4835 8632
9257 2465
2954 1043
257 2947
8829 5055
7930 4865
551 5027
4034 1207
7202 3802
6937 6392
2881 5838
6526 7700
8078 2786
5322 359
4538 6387
9784 9613
6805 8342
5254 7586
6508 5710
9004 5584
119 1360
8647 9698
7602 7236
9799 6475
3568 5510
1517 6034
2440 115
4850 1199
4450 6477
7741 4338
8803 7530
7595 6181
1099 4128
1990 2209
7696 2988
8799 9694
9713 9643
9048 3148
5614 4353
644 8427
369 2904
2298 6858
8208 8082
3253 6413
2028 5220
6608 1175
603 3357
4522 418
465 2746
419 2466
3583 5997
4600 4899
2476 9670
1578 2850
9801 1081
7309 5047
4235 6669
7607 5920
1705 5100
7414 4003
8139 8019
2791 3700
3635 1202
5150 144
3648 8595
4290 6725
3913 6990
106 8804
3644 258
8938 4607
7609 2451
548 912
5705 5996
674 5976
5562 4836
2745 6014
5368 1354
6086 9557
3829 7650
352 320
1978 4018
8651 9351
7305 8147
1616 9297
8989 4641
525 5895
8594 1096
2470 7311
7241 805
3794 3938
321 9511
9940 3985
9715 3145
2070 476
6978 5982
9193 5790
3280 7406
2108 1565
5565 1190
8837 7854
2663 2248
3783 9310
6645 589
7184 3649
3647 7622
3809 5439
1711 6990
1043 6224
5731 4703
1487 9127
4110 8754
2550 8843
1931 1338
7743 9262
1317 9029
6122 6351
6885 3328
9209 4603
7084 4699
1632 5512
9623 6124
798 2600
3259 1190
6517 7880
3194 8025
2861 1657
2629 2477
6555 3199
3124 7867
8211 1191
1820 6736
9285 9293
1275 1272
9480 1538
4954 3011
5608 2787
8154 6626
7485 1246
7496 6922
5107 8989
776 3256
6152 9497
7625 9603
7215 5114
8830 2097
8067 8084
1584 9193
1245 2417
1765 734
1724 5289
445 2671
1958 8597
6674 2317
6004 4680
7482 8964
5393 2599
7824 118
2524 6094
5858 3111
675 7958
7178 1616
8899 6878
7332 6257
607 62
772 4576
4600 8180
7025 9660
9408 8229
7379 5189
3105 8903
8057 3153
2948 7140
7371 4843
5303 4926
7006 6815
1955 3497
4812 77
6441 2450
3333 3321
2086 2967
7956 9476
452 763
9712 6507
8365 1870
1359 5847
2750 6511
235 3742
4727 743
2586 742
6609 3607
1737 4112
9116 8983
9707 5274
235 4261
2431 2185
2737 3431
7484 7233
4974 4825
3534 7895
2701 3065
5205 8502
5353 6826
3393 5092
904 4553
5939 5479
5516 255
4187 1084
5262 1338
2434 5992
1122 7375
1572 1602
2493 4245
5032 9121
2380 4843
3243 9850
8262 8184
2788 6688
9081 9750
8562 2882
5977 5040
9172 1519
2631 2897
9144 8872
7319 5897
4830 2102
712 4879
3078 7210
8692 3341
9722 2889
3966 9849
612 3205
3416 9557
2535 833
176 5128
892 4077
1343 7245
8964 600
1900 9452
872 1330
5598 8951
9921 302
1708 4000
7548 5757
9400 9362
9862 7324
3478 5223
8467 2461
3087 2903
947 9536
4223 5532
403 5802
9777 8339
5041 90
3997 8037
2522 9804
3562 941
4621 6953
1038 5628
9520 8292
7034 3793
9721 9067
3384 7628
6080 7620
4127 2271
1283 9082
8888 7971
5414 6556
5671 5303
5698 2198
9278 2199
3670 5917
2872 962
3153 1149
9833 9562
6270 8748
3864 9313
4148 5026
2890 3302
1666 8317
3132 2970
7691 2720
3367 8545
5138 300
1422 4258
8762 8385
5784 5439
1818 5566
4850 9222
2970 6676
3744 6379
6768 1881
827 1275
4294 1042
2403 5161
2641 2806
5536 7262
8446 1358
5540 9592
5268 5216
3898 6776
8465 7897
9901 2752
4771 3803
8235 6114
7060 9834
8468 1129
4026 7552
9249 6586
3874 6132
3816 3739
1400 1282
7807 4476
2683 8760
5159 222
7375 8944
4350 2973
1254 2637
5886 5523
7927 7025
3125 3463
2569 4381
7251 1394
839 9758
5780 5039
450 6614
4215 1712
8566 7866
490 9419
4880 2826
2206 9396
2195 1288
4406 3005
4877 5257
8339 1937
4264 4115
5428 9066
9293 1497
2385 9576
2098 4857
8985 9312
5687 4118
2768 4338
20 5626
6541 360
1130 4834
7026 1063
56 1817
7557 928
7962 4618
3001 9762
9520 3061
1236 9595
2774 8986
6717 5699
3551 7285
8028 3036
6848 4161
6022 777
6950 8771
3082 3624
653 8939
9508 2009
6948 6884
7452 8407
5692 6916
4480 3411
7790 5851
2216 5259
7015 6947
5861 6613
946 6642
4912 8473
7884 9628
4982 8244
9798 5063
1301 4574
1512 9416
9307 6615
4021 321
4504 9363
6716 1967
6017 4123
8646 1682
7505 813
3718 7971
2290 8645
2357 4877
4149 8992
348 9199
4775 7476
9761 4296
8667 1161
6769 4872
8375 3196
5016 8425
4085 7931
1643 2682
262 4513
1506 8683
2087 2245
2371 308
2980 36
9000 7419
2064 1519
9582 1346
728 2182
3143 7484
5733 9544
4168 3537
787 6239
842 8948
4812 5369
9648 3876
6923 9850
2031 8955
3 5825
5268 5081
7843 708
7906 4131
4427 9063
6571 7092
499 247
7286 1081
4196 1953
1194 9719
955 7650
303 9308
1824 6554
6872 3640
9967 9571
711 6541
8245 7328
2747 9922
5622 2536
9266 26
7893 116
765 3276
7776 2752
5402 5880
9199 7181
8792 9207
6318 148
720 5387
953 6661
5191 4815
5294 7863
6316 451
741 4432
8828 8236
9320 3394
6817 1041
1922 5673
3474 2148
6963 8871
5158 9878
4336 3182
3953 5238
4546 2465
6934 4357
9724 4707
184 4862
5176 7334
5499 6946
8413 6059
2562 9094
2239 8882
4962 491
9532 9751
4429 8086
7696 5785
7176 5037
6224 936
13 65
815 2407
4044 2804
9829 7203
6472 758
6814 2658
4500 5850
7384 3397
7628 6944
7729 1612
6542 423
6771 5877
7915 6683
1379 2394
6625 69
1073 8158
7748 3537
5762 4074
8534 8329
720 4511
2339 5266
4227 4049
3379 7369
3991 2247
3581 829
7036 7195
6183 1816
3747 4119
3085 5072
6836 1057
4733 3426
7652 1882
4454 2038
8851 3505
8280 2333
1245 257
348 6448
7857 7621
5070 6695
8599 6206
9690 144
6838 895
1625 7503
8917 2220
4919 9294
260 2994
8497 7431
6962 6820
1530 5134
5202 586
5823 377
1540 9862
1843 2708
6132 2733
4053 4545
8978 8945
1624 7239
6389 4072
292 8319
4276 3494
321 4844
5014 5702
1660 8124
2630 5604
7649 1445
6458 5212
9882 1229
5673 6037
1154 7518
8692 8823
1775 2025
524 4568
7724 6986
2382 3217
1641 8031
1779 4072
104 7102
2206 3416
3699 2823
9258 1219
6733 8182
6427 6728
9585 801
8944 7033
8706 3083
5697 5690
8927 4349
7286 2703
758 8225
8997 3638
6853 9991
8105 3179
9186 9703
4311 8652
7698 9319
3870 5257
9214 3955
5998 5294
8532 3753
4628 2051
1354 7173
4421 2732
6487 3940
2950 9291
8070 3748
35 8581
7871 8504
2630 5954
2187 5097
2336 7422
8727 9376
7355 4147
9599 5615
8762 9075
1524 549
3885 9473
6087 4439
2960 8984
661 7796
6441 514
7173 3668
7806 2540
5714 8303
8273 2716
6929 8578
6134 8678
6511 8279
9641 2179
8670 4421
5565 5669
845 3002
9351 4890
9773 7286
7198 888
6825 8051
9978 8521
1363 8442
5074 9216
3387 8175
4227 3530
1751 9621
6994 5543
7947 2803
5508 4586
6964 4199
9428 5115
1509 3010
1360 6146
3782 5055
3449 7997
3180 7913
2686 4105
8302 1804
861 345
5061 7165
6368 9298
2448 1915
1349 3614
7789 9100
8388 1621
7161 4070
253 5331
6973 1826
4361 7361
1824 6265
5673 1566
611 2556
6850 8454
9457 1186
7795 4094
1956 3982
8660 6050
1253 2149
2576 1763
6629 131
5618 5866
9993 5779
6420 3279
5841 9553
6232 4607
5328 558
2465 306
2796 3878
3531 4933
1480 7987
1516 5662
3767 6775
8899 1399
5917 892
9153 2729
4730 6220
2460 7081
1979 6927
4182 7077
6916 3180
7149 8390
1821 7468
1998 3078
4697 4846
4446 4959
6532 6782
2121 4976
3163 1585
8851 33
5536 5721
4906 2980
2201 1601
4691 5500
625 6031
2362 8422
3838 6214
7343 440
7512 5749
4989 4836
4689 1463
3744 5061
9445 9071
272 6514
9425 4909
8677 5533
8629 9767
8056 7705
8293 8806
206 1769
8017 4429
4806 9029
1514 3478
9700 6049
3853 2977
5010 6483
5476 8035
1685 1977
7126 713
844 1887
6898 2619
8510 72
4129 2830
6798 7148
1968 7520
2849 9486
5949 3115
4258 885
1336 9168
4501 9264
3570 4105
2918 2123
9839 3997
5876 1253
2968 8508
6831 4158
5548 8462
4622 4160
4819 8616
4926 3344
3973 5640
4037 6393
9606 2716
6088 8834
6207 2515
719 2384
864 3629
264 8847
1047 6067
9564 3601
2763 7192
7344 4420
9981 7631
6056 3915
8676 2015
5666 6580
3640 7097
6266 1689
9098 5731
605 9199
8622 9677
9257 8009
6033 6130
49 9139
9071 8095
8783 9120
5039 2122
1567 8654
7318 285
8849 8576
4252 3788
8889 4320
2556 9046
321 9574
9728 247
6699 5861
4783 2540
528 5652
4564 9223
9394 5052
7908 5834
4530 3180
6519 3985
4532 6720
2186 5031
7654 6649
5406 51
5933 490
3756 8184
3818 4654
8782 2795
9622 568
9259 3487
4839 391
6743 8263
9794 5966
1452 6963
2222 3809
6149 5423
5673 9650
1814 7452
3766 1885
5584 5624
6008 3339
1321 411
5800 8937
5338 4867
7706 9777
6460 8673
3398 8332
5263 2503
6887 5755
1509 1175
2974 9048
9337 5029
708 2657
7864 838
7832 3019
8764 90
6553 214
2498 3304
2760 7910
289 1691
6829 3685
9080 8882
2300 9776
6838 2598
5070 1557
9911 747
6447 3966
1224 6209
2867 9272
7903 9743
6384 5839
7980 7053
8374 5749
2088 7364
1430 5687
6457 1061
5804 826
8760 2035
803 1949
9430 455
281 9371
297 6158
1815 8742
1071 4364
2976 5186
2656 4946
2548 8125
4244 2998
2125 1968
1781 5987
694 5168
6593 477
5004 8298
8429 495
4572 3884
2458 5900
1836 5394
7650 9887
4889 1372
7827 1880
1082 5999
3176 6911
836 4361
3706 1856
1220 7577
2101 7265
6911 139
5644 3925
210 4395
2433 8301
1423 2212
49 1090
7375 1165
6381 277
6251 3443
1853 4285
5987 8575
1862 6314
919 4832
1989 2515
8548 3407
2274 3453
5026 9946
7238 8437
1307 89
984 7324
424 4468
998 5161
7495 7423
3816 1318
8484 8774
8041 6913
5965 7554
1449 3550
1853 1539
5891 1017
3699 4641
5304 9470
1721 428
83 4855
8729 3998
302 9403
8299 3622
8018 1994
2154 5385
3894 1394
524 5074
1228 3276
1592 6422
2967 1897
3777 6929
10000 6680
6125 4354
3829 2788
6731 4761
1491 2932
2314 3565
9391 8597
416 5016
9662 114
9401 9349
3425 9913
3016 2063
1458 4069
6091 2881
6345 8103
7244 5969
5995 3635
790 3336
9261 5607
888 8679
5564 9139
2542 6306
7688 6406
7212 4619
535 6805
5710 2339
3325 6379
929 17
7249 5353
6930 4549
4070 6050
7145 3234
8111 4552
8891 8328
9766 3595
4293 4186
3809 9041
4718 8855
6229 4077
2534 1996
1664 354
8572 7087
4586 3088
9823 925
1194 29
1430 2012
6289 1674
8624 9277
6349 4417
1277 2218
7030 1413
3065 6392
3741 5464
6343 1707
7907 7472
1162 3478
5094 1005
1181 9557
4440 5839
4774 1509
5039 1688
5400 8315
343 1663
8039 7517
6225 9394
4515 1907
2515 8646
920 9424
5850 2806
8595 8060
1781 1612
7743 6106
1451 4931
1489 8338
8188 9334
7182 3840
2554 700
2500 2422
7676 763
8967 6741
7627 9457
264 9890
5706 5473
225 6646
336 5967
3794 1163
4469 9770
1286 9649
5478 2069
7519 5321
4113 7893
5691 6216
3621 2337
907 5568
5085 4336
4605 1561
5121 218
8228 3902
7420 4882
4493 6355
5004 7703
1813 1803
2426 3528
5701 3048
6177 4972
8115 2636
3798 9611
9468 1788
8766 5215
3732 9629
6088 9232
3809 1769
5289 6730
368 6945
3132 6023
4733 8348
1885 2292
4308 9025
218 1586
2354 6198
7117 9706
1675 945
4089 4202
4283 829
7238 7733
6595 1170
8066 2705
6383 8879
8210 986
4619 892
9321 659
4122 3063
5654 1250
1228 4467
797 5856
9448 4014
5047 9522
9415 261
946 9618
8908 277
138 1151
9645 657
3875 2653
3569 5020
9209 5492
3547 4192
4841 2303
1941 5309
3941 5235
7274 2679
1918 8271
3530 2861
2384 572
2095 7092
876 7626
1789 2059
6282 5066
2568 2658
7360 5637
604 2758
2173 2310
1443 6838
7467 398
7766 8572
7669 8092
5271 9290
2396 5865
8652 2913
7471 7331
9646 5626
5435 864
9593 8532
6411 9595
1249 1036
2007 1628
6744 9121
9849 3719
2676 4420
86 3302
6632 402
1376 1947
4989 8092
9490 2785
3444 1359
7921 2378
6066 4826
6963 1182
9896 9170
2865 6187
2464 5659
4099 1552
7814 3501
3715 3163
3471 6840
4066 9840
6219 6730
6940 4300
5886 9841
894 4364
9466 6000
9145 5060
9702 318
1003 8746
4796 5101
9548 267
161 5490
8765 4890
2680 5328
3909 4234
6140 9164
8779 402
7824 4633
5221 835
9080 4117
2299 3677
2597 4318
9252 7952
9849 6046
9603 9827
2030 2995
643 4788
2723 5441
313 4985
2909 2917
4386 7918
5321 121
8585 3882
5208 9891
7785 3959
1825 2789
3243 6107
5904 188
8305 9413
4667 4358
6322 9665
9567 2061
4636 9924
2060 2274
3805 427
8428 7814
7086 9095
6928 1781
6385 3368
7829 1220
1672 500
3097 6696
5848 1432
632 312
7520 6235
1601 142
8707 6906
5897 6987
9190 9847
7079 8661
8026 6492
9529 763
950 2834
2022 7319
5644 3059
6141 4340
67 313
8224 3114
2098 3131
8140 5742
2720 1787
3007 5980
1505 9207
5473 2581
9243 6218
5835 6956
7619 1875
5593 3221
3838 3517
2246 7659
4781 4833
6736 5961
5334 1640
493 1705
7077 7534
7400 8129
9095 2119
3125 1235
6288 3874
3445 8716
9769 801
1303 1822
8360 6384
7003 7431
2784 8126
7788 7771
8531 3519
2621 2685
6837 1420
3133 1554
573 3634
9945 795
8169 1511
9861 2413
3069 9702
3890 8782
4927 4286
3038 326
2664 2125
2182 5052
5594 5752
6720 2828
2082 2440
9873 373
2213 9973
8027 7613
9545 4752
7096 6297
8468 8480
6740 4389
2150 7491
5167 550
5204 8326
9792 9023
2582 4779
9613 5644
4766 4221
30 297
5650 1463
4313 1481
5545 2892
3187 4520
9877 3017
3740 4292
7903 6429
7587 4137
9509 4919
3003 5302
9953 7069
4546 6552
3128 1053
6811 8194
3963 2948
8209 6426
1287 792
7685 8362
1038 1712
2606 4982
5515 1350
733 1712
1313 5166
6824 8002
381 6285
6028 9005
2021 6022
5616 481
1157 4004
9520 3865
9173 7063
6566 2546
5807 8145
4749 3117
7868 569
76 7025
5821 2709
8922 6306
7893 9478
1844 3448
5038 6036
7079 745
4450 4410
3790 3191
6628 746
6437 330
1095 1722
9352 8389
1011 9574
464 2030
1080 8801
5249 4172
7958 9247
713 6317
829 4328
768 5208
2403 9996
1803 1111
8925 4892
9314 5068
2634 9784
8903 4894
2728 5149
1357 9591
4193 7283
2008 4409
6495 3001
9628 6381
6296 9721
5492 1736
5094 1084
4060 9124
5472 8825
3660 4933
5642 4759
1992 322
1574 1843
1906 9257
7858 899
284 706
4691 9963
7721 6807
5101 5421
2236 4598
5536 6359
5794 7651
4652 6271
1181 9996
1214 6262
6097 4376
8720 7885
1483 8960
8840 3284
1452 7743
8722 6627
352 7158
9196 5872
6024 9323
1340 8781
8787 4870
8133 2268
4312 8764
2584 3965
4183 9022
7479 2638
9407 7862
5642 5542
6278 5953
551 1167
6547 7241
3788 8745
2194 6161
4084 4409
8247 1889
2192 5459
1790 2275
4079 7106
3055 2720
7019 9455
2691 9252
7393 1663
4992 7894
9556 9699
7908 6760
3857 7732
6107 702
4673 7557
1613 3614
5877 9817
8100 4874
6737 7600
2540 5514
2741 8891
3764 4828
4099 8676
8635 5554
8761 6743
703 8753
536 6754
7895 782
5653 1303
6886 6834
2172 924
6688 259
8920 907
5865 7242
4460 64
4380 6553
4439 2641
7676 4817
3012 3620
6991 8893
8118 6998
3101 3436
8211 47
5161 5938
3608 3986
8926 7761
6276 5800
6742 2024
2182 2304
1386 1015
1 6990
1404 4177
1802 7553
7431 2684
1431 1708
3369 1147
9084 5922
8776 8065
1857 8776
945 6634
7299 5824
9591 9000
8638 7708
69 8080
9325 3400
5337 8874
8996 2811
1360 7277
5649 1764
6739 9436
5691 1135
3353 3836
3918 7139
4473 3305
9753 9736
5647 5178
7769 7611
1312 6597
3061 6744
3123 4495
9158 647
7153 4535
1735 9449
6569 2614
2711 2833
9919 7360
6888 8832
6650 9611
3302 3515
1504 7150
64 4894
9322 5386
2880 1173
3892 8552
8571 4318
9652 8641
1801 2425
3866 9353
4243 444
2088 3744
1937 7493
9811 5766
7390 5716
3245 934
8144 5601
4602 1633
4854 5191
7946 7742
7627 3798
4215 4073
7340 4411
6352 6859
2476 9712
7666 4993
3136 7915
5586 4759
5001 3016
6404 1213
7272 7577
5543 756
2715 3738
7215 118
1635 6603
17 2322
1859 7285
8640 3112
829 9634
2122 7522
8745 8601
403 6930
427 3235
902 816
6637 3299
100 742
8532 4800
8783 5863
6882 7006
7040 6575
8136 7149
1242 4668
7984 6955
1820 5417
642 4454
4830 546
6208 4512
7155 6765
4236 3932
3366 9271
9767 7807
8603 8301
6971 3470
180 8906
8626 2666
8040 4665
9952 2409
2619 6646
5420 6512
311 8252
3841 6231
1963 1923
7799 7115
529 6062
3937 3433
7626 9926
8589 3194
2812 9762
1046 1220
4176 1868
5685 4129
1362 5308
9731 2720
6862 2995
7041 5372
9218 1634
1087 2611
6592 2213
7163 2951
1405 7415
9033 1637
9794 6079
6334 7270
2705 7596
5291 5035
1604 968
3120 6763
6519 9929
3417 6897
9634 5895
1768 4619
2432 1134
4981 1673
3203 6561
8917 9625
561 3577
814 9100
9710 8044
9703 8792
4390 7147
2087 427
9466 6707
8701 6062
6912 9345
9180 8438
2297 154
5820 6898
1707 4650
2131 196
4650 414
8780 4782
1872 5194
583 2516
5748 8580
6704 6654
5779 5497
7901 3589
7735 7012
1119 746
3583 3005
1497 4612
2758 5673
4051 6778
2699 6505
7815 3434
7828 1125
1311 4962
6518 8352
9183 4427
9190 5915
4933 2685
6449 6842
1064 3383
3385 3048
4269 9842
7462 6423
1505 3896
1079 3667
1352 2124
493 9785
9260 9896
26 5765
3412 693
9295 5426
5201 6135
5438 3772
3092 5656
8086 896
4719 6684
9411 6233
9389 4914
3398 9577
2780 4565
5859 8539
4438 1650
2972 4525
2877 3120
2659 6460
9299 5546
3409 9818
4563 1866
3366 484
6763 8014
110 8068
9629 4097
2002 7657
9874 3641
650 313
6446 561
1089 7721
7983 7816
7099 9570
4274 3544
5826 6814
7697 6698
4975 4730
5883 8834
5603 9890
7472 4725
2688 9034
3350 2083
8384 6398
4607 6052
2006 2429
4271 380
1852 2890
8001 716
2152 5761
2086 3918
1307 3269
4858 9811
9523 7044
6948 7159
7565 3030
4205 1400
2986 8042
8183 9104
3159 5708
5679 2004
1155 4124
3619 4591
1432 9505
1693 2420
1473 735
4075 5304
2879 6382
3450 2478
6527 5430
2952 4498
900 3117
3907 781
3952 5680
8982 2768
6206 2006
3860 7752
6353 7409
6415 1906
8280 3788
8282 9575
7549 1044
6305 9721
2353 6508
5950 7336
315 1918
4658 1276
4435 4420
8676 4392
96 4790
8706 2811
9034 3792
1731 5497
1105 8690
4810 4251
3614 6577
7655 3242
951 4358
2476 7724
9410 3031
3162 8704
4731 2152
6840 6337
8225 2013
1363 1449
6788 4455
1016 603
576 78
5647 2517
158 5138
2269 4355
8670 3023
2387 9540
6458 9210
5657 4375
7757 6803
7651 7837
3177 5363
6865 1157
6589 6762
7604 5072
9734 3582
1418 6934
1009 1996
4486 4316
7186 1169
1940 5248
6623 6061
7615 7333
6397 2608
8329 2304
2186 5105
7913 2530
9107 5129
2075 9055
6179 1166
5877 9714
5351 991
6971 7704
120 7353
1503 5821
131 1087
5706 3270
2121 554
3534 4058
2257 6560
3631 4597
6728 4926
8797 2126
4446 7807
6799 9320
2662 3682
5137 7575
4533 3183
4884 4500
1715 1773
5283 7097
8408 1892
5783 8889
9429 8297
5590 821
3891 8719
4873 6751
133 5085
6683 698
310 3922
1398 4357
7645 7617
2288 9191
7328 7661
398 6371
1620 5754
2759 6206
5306 6355
7289 793
723 4990
5455 1041
867 66
1040 4234
2355 3208
2018 1744
5219 5367
21 5779
5530 7676
1951 9156
3563 9065
757 2277
2783 7661
7869 3696
817 6722
882 2459
80 6414
403 4499
7650 9899
2558 5219
6766 821
6324 2978
3783 2866
6548 2158
6073 8426
1933 6906
8419 640
38 8308
1773 2761
7094 7236
1654 7527
7918 2482
9081 2038
2746 489
4216 358
3134 5479
2284 3728
2459 1168
392 5034
1364 3696
3490 5288
9110 6362
2120 8007
4679 2894
7028 2796
4622 7226
224 2230
1365 5414
7190 7781
3113 4142
7991 8315
9351 5058
4315 54
8687 4944
5803 7866
4813 8139
2618 9707
8510 4279
9641 4511
9733 132
1370 9391
6030 9430
8300 4314
9117 3469
6491 9912
459 1291
458 9197
1543 4587
1990 2630
9176 2225
3160 2055
55 5249
5424 7300
7226 6250
3053 3865
105 7427
1874 5147
2345 8282
8216 4730
6197 7440
1648 6085
5024 9819
6456 7511
3336 2755
5488 6718
8283 1001
958 9109
521 7903
3178 522
7616 7922
1139 9347
5117 2220
1300 9950
1969 2503
6966 2345
5557 1524
409 3191
7069 4864
3640 7194
4154 5772
9861 8137
5531 287
9205 101
2259 1244
4164 9246
8360 3384
2962 2744
5312 4211
5766 7487
4907 9988
6502 3665
3383 5958
9279 5495
2851 2686
7958 5917
4 6512
8691 6156
1272 1622
1382 5238
9229 3870
3285 3862
6354 395
897 8856
3753 2716
7390 8975
3957 2159
4250 2325
4440 1360
2328 7211
1068 8068
6944 821
4572 8393
7640 1151
3544 4004
842 3634
1666 9333
8128 2050
5076 1471
1348 1514
91 2087
468 5459
5050 4774
7628 8965
5376 5163
5968 4655
9910 666
9381 7859
4355 6905
5208 6030
1575 8376
5160 6422
8715 9653
7356 2577
5146 4624
9580 5327
6289 217
3599 5877
5700 3699
97 7485
1144 9943
4856 2731
6876 5698
1976 5058
168 6191
9094 118
3402 9998
2121 313
1202 7240
8882 826
6236 4662
3614 7291
9747 9745
4179 4728
9211 1349
6160 2770
4418 7942
4347 6907
7881 109
9658 8261
9001 1296
7121 9254
4045 6796
5866 2829
4411 1203
4860 7775
278 706
7391 2700
4709 2191
6255 4664
5909 4427
8082 6388
759 9231
1940 8961
2930 845
3498 1849
1467 7924
2755 5173
1573 6819
2078 1485
8971 7870
2682 246
4231 6201
6619 2493
8449 4186
8854 6444
8562 3532
2256 488
1054 5200
8301 231
2598 7458
1607 9092
2495 9885
6704 8227
6576 684
8862 258
8352 5253
8662 1461
3804 1150
457 3261
3275 5102
4492 2097
9021 3205
34 542
9611 1453
2292 7041
8636 9967
8205 934
5955 280
8404 2831
1110 1044
6683 2749
8853 3064
7197 8676
4098 6449
4058 5922
8124 1426
2718 9402
9533 6906
8675 357
5329 1147
8268 6454
6829 2429
7296 9258
5801 9606
1829 5723
1861 3683
6500 5658
7303 4452
9042 4524
9925 4588
6363 4652
9390 7825
4499 3474
3941 6505
8731 7562
8907 381
4256 5386
5325 7865
8825 1692
6528 4305
3985 5992
4821 1565
7455 7587
7575 1916
5950 3869
624 7581
3212 6680
8363 5569
4400 7854
5384 2778
9017 411
4463 6162
875 1613
3519 309
9736 8550
4879 6798
4674 42
6876 5852
6 5759
3829 9422
5155 154
8930 8828
6464 6179
4528 2498
3150 4267
5067 3566
1380 8633
607 7645
6970 4972
9008 4020
9980 9791
4146 5798
990 2180
7462 5551
4425 1479
7068 2660
7609 103
3939 1501
2381 3600
3563 9134
4239 1471
3423 4026
3473 5810
5439 3467
8762 7191
9951 9778
4349 4604
1148 427
9610 9022
3514 3608
8969 428
3744 6667
8067 6717
85 8136
8044 3019
4037 5110
9031 1018
5640 2934
233 3054
7538 7774
4547 3654
8932 4312
6382 3730
6039 5371
8214 175
1709 6497
9901 6348
7573 8944
7299 8218
1367 9888
8669 8449
4522 3654
4017 8555
4175 42
6833 9909
273 6998
1758 5862
5192 7172
5352 815
6231 2761
7686 498
5995 4544
1255 5315
3842 4254
5795 9813
7566 8143
195 1115
9895 5628
7654 6739
4663 7146
4136 7341
9706 2080
1345 3109
7366 7315
1395 9762
195 5236
6877 1520
9615 7962
6643 6787
6179 1841
3962 8932
6282 1342
8883 6996
1956 9482
281 3979
5455 9584
6100 7002
3505 2926
7440 3224
4460 7714
9739 9432
5618 1961
3062 9535
2866 3166
4717 2939
6349 2325
3079 8744
9933 4306
377 3122
3173 4321
4987 5719
9987 2221
5074 1275
7289 1628
384 4167
3019 2273
3509 9076
421 8799
7504 5423
4224 2836
7628 8419
7870 800
4235 3584
187 4543
9452 5796
7271 3590
3941 6646
8690 1368
256 4647
507 8944
6653 8684
3427 4517
9980 282
1512 3280
549 8057
7437 5711
9467 3643
2477 1615
7989 3046
3666 1465
7843 1576
3804 4052
7118 749
2124 2249
4325 8416
4332 339
7056 3322
2256 9470
6539 8772
5020 1850
9350 7135
1557 1235
9894 3414
3508 5625
6864 699
3058 6119
7865 8957
7792 1739
2512 2140
1215 9056
2190 8689
7833 2684
5385 1684
269 7845
5862 3938
1986 4024
7031 2547
6126 6933
1645 1155
4398 1852
8340 1453
4436 8969
3296 7907
5783 3177
2452 408
2869 9686
3229 9715
68 9080
2837 1024
597 4994
2803 2688
651 5659
8641 3463
3647 98
2759 8903
2801 9475
7396 3660
6425 4852
7764 7408
69 4214
8284 1432
5643 2300
6403 5340
2507 9639
1851 1057
3226 6460
8710 5116
9422 3560
2925 698
9435 8986
9452 9363
5663 6911
7977 3456
57 3229
1742 5522
8737 2509
3063 5353
4306 8996
9323 1468
5079 1285
7326 380
9863 2110
9293 2247
5026 467
7526 263
2559 927
793 1988
3430 58
5813 8520
3852 6862
7303 9397
1822 9538
8376 6653
3997 5969
9020 4321
3586 9357
2158 7456
6106 9424
786 4440
2237 1627
3703 5102
7226 1536
7492 8402
2844 4181
8 6315
1655 3211
9757 949
8190 9314
213 4489
2715 597
9515 6406
530 7093
4038 1081
6188 7208
8064 4412
6299 9304
1243 9764
7797 939
3562 7717
6228 3958
1365 8271
9923 1450
958 1125
9694 8510
8490 126
1593 8613
9297 6576
8772 8750
7874 2114
5139 6658
5211 1946
9261 4471
8423 1725
5832 2962
1219 5418
1697 1886
6282 8912
6052 8725
1190 5140
7887 9480
861 6099
7055 7780
5434 2256
3503 7970
902 2726
5438 6687
2214 4484
1322 9378
9049 6983
5474 48
9967 5186
9835 9100
4693 4857
9124 6068
6373 5288
6984 3801
1877 3444
3314 4420
6845 794
8062 2683
4992 8058
4819 6052
6183 8391
374 7146
1480 1217
9422 8052
7571 9885
5492 3431
6058 6754
303 4167
1667 4513
1489 5963
9239 3885
1439 2731
5865 8246
4197 7761
6279 3094
5186 337
4398 8804
8735 5121
8143 7272
3716 4601
2242 8653
5191 2168
5699 5184
8662 4346
2717 5679
6568 9103
928 2534
2462 8877
7024 6918
7380 7734
5830 5194
7183 250
5631 9599
7527 9681
8007 3539
9100 4713
204 9946
3852 820
8011 6259
8666 7521
4182 5142
9704 9091
5669 7511
2178 5320
5159 4407
1918 9071
3365 8896
6039 9614
1353 992
9361 7764
3463 188
8273 4427
3716 5275
7748 9272
2470 2397
7014 9829
3856 9919
9776 6330
5515 2140
7496 7042
9227 534
3059 4550
3820 1460
7010 6557
7173 9076
1531 1551
5653 8783
2708 4474
3443 1843
2552 7156
9930 801
4194 3055
4995 6799
2246 2842
4481 5920
5343 5009
3519 3826
7171 188
9020 2951
4263 6873
5985 8968
1644 4003
4200 5813
9506 7816
2566 8724
3062 4709
6727 3428
1957 4048
623 1907
3879 3572
9317 9491
7828 2384
4738 4424
8508 2279
2967 1152
4352 2542
8455 2848
1584 4882
8033 3404
6775 3493
7336 6340
3961 618
507 3849
5066 35
338 3070
2317 9681
700 882
9299 9583
2091 5607
3222 5869
1678 1118
2135 4750
7437 3396
703 4422
6174 9707
6152 7555
6905 5934
221 3937
7345 3324
4308 1457
6940 6379
8457 2199
4761 6096
5469 2435
4114 496
9747 6664
8506 6706
2946 9004
7174 6462
2521 4881
291 6303
2004 6966
6771 9941
3531 7173
1833 9993
3694 6495
6781 1909
7164 9508
7939 7333
5282 631
2279 6695
3905 9139
2925 7059
9026 1203
4550 970
2973 5577
6476 3575
2958 7910
2912 7416
4605 6674
9615 800
6863 6228
7449 3746
1677 7271
6290 7517
4320 9712
3156 441
3760 5262
3986 6065
1164 9665
6629 1637
3364 3101
7620 5121
454 6126
4647 5696
4274 8079
946 4563
1093 4284
5795 8045
6769 6399
3690 1018
778 3468
7465 2182
2401 381
6306 5976
9207 6995
9027 602
1261 8588
3763 2787
4507 1156
7916 5455
5779 8122
7531 4225
4849 9832
1492 1951
7818 2549
6327 6189
463 7526
2681 385
2469 3607
1743 512
4395 7344
4574 9554
6559 9491
7267 8114
4601 1302
3611 376
6603 6511
2825 8733
1559 7511
6541 5658
444 756
5300 5654
950 7591
7540 661
7628 9828
665 4950
7335 5816
3321 4579
2067 9426
3066 5391
7508 3902
600 6551
7585 206
2371 3145
3831 7871
9407 4916
1213 8538
3184 2163
5778 2583
6219 1511
4199 5904
4002 7649
5454 4141
2202 5251
4183 8099
9551 3635
8633 6059
648 3734
5582 8121
2031 6385
3953 700
7794 3768
4604 6634
8016 9745
9434 9869
999 6401
5942 6607
8243 2245
8836 1723
4634 2087
2145 3760
8106 4608
9519 7996
5817 138
9630 2340
3106 5445
6655 4258
1361 7593
3764 624
8734 9453
8436 4477
8254 2029
1405 289
7584 73
7521 7780
8940 90
5343 8580
1594 8771
1508 6406
6069 4411
7414 5270
2893 5801
9046 6816
9912 2250
9667 4627
1461 3194
1031 3485
207 6048
3867 23
474 547
1554 9693
7883 2328
8574 191
3324 6833
8842 6136
4072 4986
2667 4900
9873 228
5864 5103
3737 1484
4005 896
7787 7129
990 4774
7958 7945
418 3230
6476 7106
3230 3075
1281 2005
7439 8444
4304 3163
6558 9580
467 6920
2780 9899
5456 4386
8175 3158
7240 83
3787 1038
2140 4371
9527 5260
2405 1503
9571 4505
8876 8953
4629 9844
2072 8896
426 1082
8754 8810
2231 3085
9878 5255
1665 9069
6115 3823
9336 9054
9795 8391
742 5983
8895 4572
6176 1705
8838 8145
2385 2759
7575 6053
9181 7812
445 2318
8748 3479
5655 6904
1819 6452
4831 4445
5965 2778
3403 10
7494 8721
2000 2044
9955 9307
6046 1053
5385 3367
131 5996
354 2469
2408 9874
8566 7457
5503 5034
9417 154
5650 2552
1724 685
491 3158
4025 8251
6349 2249
5682 404
5812 6183
750 210
2194 1716
4028 3466
2035 5665
9993 8665
4760 7038
7617 2123
2430 7618
7408 781
4799 8117
3883 8823
2995 9143
4656 5095
4061 7595
444 3130
804 9545
5240 3960
4255 6997
1474 7517
1573 2842
2546 377
7407 4995
1928 6560
8616 9968
4904 882
6259 1244
3618 5041
1169 2109
3893 8890
5790 9499
2852 5047
4269 5951
4855 7637
4348 4027
9484 675
3693 8122
7627 8823
9832 6340
9526 4247
4553 7990
1466 9365
3351 2080
6510 2828
6201 423
2463 5156
2811 9004
714 4295
7202 8725
9719 3385
3844 4652
843 6497
1327 4421
5964 6852
6144 9920
9774 7241
1041 6541
4439 6400
6335 4550
3185 7028
1004 7451
1300 8470
3132 8325
3875 4259
285 3432
7244 9340
1786 5981
793 7394
1014 6765
946 8682
2520 9348
5628 3717
944 6584
7784 1413
5835 7594
4008 5269
6614 64
1289 8498
9696 6470
4965 8667
187 4183
770 8479
7195 4107
9032 8922
7850 3505
3445 2623
9891 2855
2339 7611
6184 346
9727 9617
2978 6117
8623 1197
4982 9688
3068 2316
1937 9715
2444 6107
4899 3227
1974 8533
5516 2349
7862 2875
3093 5366
1891 3327
3618 6491
1612 3665
7517 5498
9844 144
1748 9636
314 8139
5197 1559
6617 6235
6576 9467
8916 6199
1121 7685
5168 8265
3280 4816
4207 3402
4311 166
4676 443
351 5625
1101 4869
974 5098
1873 5940
8434 1772
4966 1255
6812 686
5921 657
687 3826
8964 6825
4773 4591
8297 470
9953 9888
5435 3700
2034 1047
827 8571
11 1835
7992 1549
6476 1658
9863 8233
3120 3254
2482 7265
4723 9728
3635 4776
6589 6719
388 4309
5099 6877
145 1905
8002 5772
8641 9836
1927 1855
9174 6938
6758 5356
4543 5520
6479 1719
610 3116
5808 1737
3675 1779
8873 461
2936 9729
7682 4490
2455 6746
5137 925
2311 8905
2963 1411
4875 8666
2844 2914
472 2424
8037 5735
7417 6133
1179 9045
4848 1254
1529 3079
9676 9803
6386 4221
5141 2086
2863 8516
6611 7885
4439 8588
9542 8435
5503 9373
3836 186
612 9817
6322 8822
7346 222
7348 8323
3287 6163
6961 7713
7126 8622
3108 969
9162 1210
3771 7542
7855 9346
1509 4466
4814 814
4856 5916
4106 5537
5697 8856
4192 7242
478 7252
8129 746
4004 6519
2273 4163
5734 5273
5521 5962
4689 5259
1149 9441
9005 1010
6384 7589
1461 2544
1923 4526
1725 8324
8997 8779
5999 7352
5233 4163
7542 8759
2121 392
4839 187
9867 5409
5763 84
5727 4883
7653 2926
6553 1825
2487 1761
7269 3934
5104 3648
6502 2167
4642 9127
7254 7272
7225 4476
225 2287
583 9609
8017 4134
1206 7400
1169 2906
8839 4107
9854 4202
5111 5777
5837 7241
9247 686
6027 9490
6014 9289
2903 6439
9228 5818
2227 9920
9817 5646
1652 5137
7995 9190
6282 1860
5078 9843
6523 606
4295 1845
7640 9095
3730 1095
977 6051
1934 359
6806 9979
1583 9307
9774 5726
9213 2532
4369 783
1962 6368
7345 7769
3700 333
2148 5423
4089 5359
2328 3581
7006 3485
7023 1253
7204 9932
1380 4958
6353 32
9868 8103
2488 5582
2474 2647
8544 1365
6566 9401
1540 6415
8651 7240
4304 3640
4264 7768
3990 9099
3471 3087
1048 3351
4675 1494
5300 8255
5026 3292
527 6067
1325 4401
9680 6081
8761 1585
9863 2415
5092 5303
2166 2478
4210 5387
5990 6648
477 9266
1818 6829
835 2519
6108 688
9280 4280
5902 1019
9843 5394
8166 9054
1689 7541
8584 4070
7535 1483
2025 4227
2979 37
7752 7623
9057 7215
3701 9493
4091 9060
7693 4681
1203 6190
2634 4024
1472 7724
3993 3357
5998 3429
5467 4833
1813 9478
9067 4418
8471 9710
6998 5240
5931 8104
3946 4393
3131 8524
7731 5109
8491 3260
1976 9059
6732 5204
5091 5200
1064 2477
2563 2850
6185 9960
212 2200
6184 7358
8315 617
4331 5877
9471 4344
6377 5542
3826 4984
6777 9423
1771 1904
1595 1842
6687 8546
2019 1145
193 2648
1170 5606
3798 7800
5236 3162
362 6385
2238 4573
3821 9508
7800 707
1997 8816
8656 9463
5009 5185
2806 2783
9995 9526
8425 2300
8626 607
4170 8602
8792 5025
4391 6224
8392 739
4898 4664
4764 3527
2774 3309
2044 8714
1483 1721
3416 9075
8307 4194
7909 3175
988 6340
6043 9881
3922 942
2721 4859
8868 8419
2470 4191
3692 9874
290 810
6694 3599
3069 6425
6048 6463
7700 8166
7839 7730
5221 2910
7270 7787
5693 1531
6901 369
7903 1306
2309 7565
9647 6706
898 9248
9278 8408
2195 6001
6643 9477
9396 3918
3227 5741
4454 2341
7059 6200
3505 5611
7962 5132
1693 2804
9392 3302
7963 7218
4156 2358
3518 667
6008 6069
366 1096
4774 4527
5891 4562
7121 7723
4457 7589
2972 6694
1169 6114
3379 6227
5742 1163
1880 6856
4802 7684
9710 1287
1201 1742
4307 3434
5722 5468
5889 3357
4674 291
7872 5927
2446 4841
4572 6262
6420 4994
6022 3731
1368 8883
2694 1838
3772 6031
3227 3550
9519 5809
5653 6270
5271 9612
538 2933
2373 1493
7254 3092
3601 1888
4841 6440
4025 8045
1916 4970
4551 580
9751 1083
7670 542
761 8001
7423 7063
2893 4140
7158 5919
3866 5625
685 8088
3462 5122
7155 2116
4727 669
7741 4230
670 4664
104 3411
2005 4505
8312 8462
1592 5582
5921 3086
7674 7861
206 9726
9906 8740
871 3820
6753 4748
2102 7842
5520 8678
396 5528
6234 4100
8741 3955
9464 2993
561 7734
3340 4799
4725 7703
2272 8487
7794 1366
6110 7579
880 2406
8436 2130
4286 1167
6389 8394
8787 7276
1847 3019
1930 1923
4890 7553
3422 8350
9293 812
3058 3950
6670 6637
7130 502
7176 1284
5993 1352
6017 6174
322 2569
2071 3592
8705 3839
3965 7152
1497 7696
9585 1166
7679 2731
3069 7149
7820 9891
5883 8270
453 2397
5613 3783
1571 2433
2798 7260
6062 827
5335 6443
650 5480
9346 9253
8383 7326
9026 3534
962 2189
157 1172
9497 5144
7799 5819
9819 187
6878 2393
754 7290
4229 127
1425 580
9817 895
4120 6812
4656 7982
5227 2449
4123 8140
2062 5127
3934 1957
2178 7307
3800 7109
2723 9208
3962 4794
1508 3988
9632 5974
5036 2929
8602 9166
3854 1132
1946 4127
9162 7636
1707 7174
9110 690
3268 5932
1339 9419
6462 3165
5720 4326
9942 5714
6706 4088
8804 8659
7799 8700
4477 2266
3607 2324
4084 459
639 3648
2015 3868
6843 1082
2172 9660
434 2859
6158 2602
9419 4949
4983 2044
141 177
2889 2258
6157 6234
5211 3948
1944 6582
2604 4535
8682 1542
1085 2248
2927 219
8988 9800
2997 6870
8518 3215
3533 5051
8554 1861
8148 4622
3333 5781
1734 7775
8964 246
3861 9952
9851 9385
1129 378
4817 8839
1394 4889
5528 5912
4925 5921
4321 9968
6996 550
5890 1358
3453 2497
2308 7428
4224 3512
2032 4726
4645 9853
6837 8490
174 3529
9739 4407
4770 4582
3026 2177
1986 8060
5615 151
2151 2087
2804 8990
5687 2056
6462 6832
9797 7448
6245 4926
6233 2536
6490 805
945 3811
1335 1609
6525 6419
944 2984
42 927
6598 7184
8894 9471
3211 3782
3081 798
1165 9905
9416 6911
6096 4315
1461 9869
4188 383
5618 386
583 5470
858 593
3974 689
9964 464
6461 8145
4732 3018
6297 1426
8583 9116
9867 587
2401 6106
5925 218
2740 8560
2446 8183
6523 5459
3469 8423
1831 6909
2126 9868
5378 387
9336 6054
8081 1245
4747 7766
945 5155
3841 2200
1997 1859
9468 13
2940 2496
4355 4433
3354 817
3630 9044
1724 321
5803 505
767 1179
6087 2627
7021 4876
3467 3039
6740 2848
6521 3620
7700 7465
6668 4856
